#
7.858706631443628 3.913215282969925 6.501570240839285 1.7233744883149331 9.269251745897172 2.6629464051716365 5.08840803972874 0.4180788916461351 8.351148549351176
8.43864495460611 4.491305772620557 7.512363894717387 1.7269562894890447 4.948581511736517 2.4749338061373987 8.57123504612158 6.654216278485073 4.783106444690634
4.088811168269909 6.600748117303184 9.420979987776601 9.38076833179937 7.314075886426512 3.7340558084854982 0.481670729311106 9.85203522164422 4.502634277905485
6.843112881643025 9.246560381258968 2.817730409621198 4.962279198414711 2.64645628870848 3.6760101958937033 9.656102255733241 8.467430300851685 1.4547695223020316
3.1847347350639135 1.2777396566066281 8.203476553911687 1.903582617047611 4.744050465196849 7.676301815436758 5.004705433257554 5.317502535569366 5.203959820292415
1.6283290646686979 0.7542256248659047 8.125365811976456 9.152443052223521 7.432629450522976 9.176531989412972 7.921956857729693 3.6222076034807147 5.741529292168917
1.4247916676045373 8.309913806444946 0.3968191424493721 5.892680602833321 4.419990080541463 9.761646685123361 1.221344364683922 5.58744565293599 9.124264922895065
4.793890208411936 8.685858075142805 3.6971458403270563 2.8778532770061522 1.8306391451229893 6.570758709828546 3.0973347673768488 4.672016742201992 3.1527259035275144
0.8773310453927445 6.683765633947627 3.316862816914651 7.420650214089697 1.6956373606681905 9.047863330435442 3.629018341325926 0.49592696464292807 6.458441522463327
1.9644557303549846 1.83834685515341 1.6337936458140128 0.31787043001220283 5.347132052829752 7.584998493510065 3.5310064862903685 4.9366606661553165 6.155004820415053
#
2.598634508170335 6.166040271943444 0.9980832306780112 2.3575812076236073 9.6217099747089 5.583099229408684 2.2471999563735907 0.5037969898092083 8.102152255818282
7.220674873369438 1.9905338681397335 7.261630616246636 5.643178255249089 9.38694705759104 3.6481367284194883 4.24048097780684 1.4341168355858223 0.4582550410433326
5.2466868076698585 9.829975873669603 2.472511182777237 3.6139779116874506 4.837980517998333 0.5849788388551627 3.376771872636576 6.010926928059414 6.122208106534604
3.0932439179260385 4.599766819539891 4.851899503055471 5.013625804559241 7.199226075375738 6.3268001001972705 8.581681110088638 9.160659487827369 7.963391266370516
8.538365947592158 8.647952827857331 4.159193254427331 9.184749506072782 7.940494496489524 9.064019130918668 6.8772022895112634 4.037652933245443 0.45946715832908325
5.681572824421239 4.080596482178801 0.48834825985560837 9.802272784303007 4.984360409536017 1.289808150459967 1.0390392870383893 2.9525946625514408 3.2817517627570196
3.875029154756346 8.384159305396992 6.638362253966825 9.444204665672547 5.673445035406259 2.398571917705371 1.8374099691834784 2.8814349375738373 1.7065170502421716
9.50470072095159 1.1970629534328032 1.3749840402801015 8.329903257261009 0.7561782724005583 9.908814871604278 5.430109164719495 7.923898106923769 6.188943705647007
8.764729852814863 1.8690536642724305 6.123739944392289 5.497319946705205 0.21530444348820055 7.737375675534684 1.9053992428480178 8.907027766936698 1.3972607381286237
8.061535939157832 1.637881288977312 5.660517157383849 6.198607204958938 5.955215285323843 4.468675998206873 7.343234141658348 1.9332318929683487 8.606204186905224
#
8.034471889861038 0.39128928995721246 2.2959480428243864 4.16900144927646 4.891618455676738 5.697482250176249 4.480341841357374 1.5018952872026463 4.635425030925643
4.314687756976273 8.249029034329352 2.4263047718387805 6.438483599756957 4.7561390196686 6.306743672317067 2.292843393013543 1.4191694182504824 7.078374698019674
5.887146486047922 7.981975770865562 4.998024620359769 9.353093575780068 9.894011674971322 5.160292044540469 8.489693777086142 2.422535431658042 6.7393771902633315
1.835433646753764 0.7290898036861533 1.4843169692052331 9.915567944679776 8.480863534503353 1.014842440179745 1.0965613458414003 9.85682421196411 6.788675799276371
5.7211393435418465 9.758245982720574 6.108709255782586 5.090545778335199 4.917335739747466 8.445351708236931 2.917171102545031 0.7563908854514336 5.36904086894799
9.575553329225059 6.691913239248542 4.431862078067349 8.271361232530642 8.143475935746327 2.089478653725115 1.8954258561938593 4.493681894439199 3.3327276980929836
0.5433796371783544 5.086789998606962 8.527566246939257 4.634728830886242 2.3096469188946407 9.336864537789221 8.215605501613023 5.541186837291155 7.537098420548043
9.944595915380539 2.4020514058070375 0.3494767330120023 2.3633895000241205 5.037314462914903 2.9605769607961587 4.862842195833298 3.434559700634461 4.712840508660963
8.378557142016607 1.6527339859871968 9.1243935962148 4.3551621395175255 4.670300050689908 7.560177637639031 9.013590917541551 1.4738622452653618 0.8005370826345253
3.5207299199119975 1.0960441032066108 7.687969604026985 1.8615175125215937 7.6082440710529315 7.782655070613291 5.590074472161959 6.1919659946677195 8.859839934671726
#
2.543354386555346 6.454100845359289 6.643013738117417 0.9999432600685259 8.3545856757333 2.0953415913147246 2.588642543027792 7.06785384295924 2.298366902081381
9.091556452224394 3.801982369379136 3.4179937857827154 3.966598953520087 5.228021016525575 8.353438820574302 5.496091535209233 4.25962886689455 6.266682926220047
4.100616762682473 0.7692234715025918 4.24643037682316 2.4474634642008373 2.861326100377209 1.2815643680588256 0.5086338669896664 3.739470522755168 4.473448161856142
5.5512799652994795 5.962827051061398 5.79239960902892 2.125566214899431 1.3289633128044573 4.665873400824115 1.0877054760087521 5.494713290278966 4.433375964403007
1.7882926110733046 2.3636154153648796 4.032451067139034 9.771326513220865 8.051535724336638 3.24852044593974 4.120123218901018 8.826075627299975 0.6141410933025506
0.3709528386175984 8.511670699729972 3.611292891381609 5.556237985288314 1.5329430899543084 7.467961756959083 1.168167454730292 9.122425200760464 6.62378759809625
5.048826399654808 1.113505397472415 4.47052948824608 0.6703678603564311 3.8449388656287775 1.9115872486637873 3.258514430282757 5.107448321105318 1.6650869888754296
4.80810848692388 5.46367874371672 8.359153934709997 1.9183438069346228 9.508204437153928 4.527615450457114 0.3487708541794605 4.931338747516586 8.078409521614297
0.9439472650396512 5.530247546727827 9.846434413617578 4.1871942127442905 6.195544322171608 8.00594045807513 2.772338833665088 7.5154724469328 0.8556130391092998
5.243485503618951 5.090266409502426 0.9137700119902767 7.9065643127208025 6.837187215147351 3.698721517424267 7.776802099944745 1.9675918022444447 6.535797011965373
#
8.824694634781846 4.4682461989387505 2.2672255937515815 2.648383281332995 9.011750206551923 3.567550900792132 6.559256290530147 9.416114710403168 8.173274293663743
7.7777415537107135 9.620343337876337 1.2887491074713755 7.2755234876939845 2.2353571427486267 7.833235203470856 4.004492074077597 3.1951273270987732 4.937592243656421
2.186876044850069 3.0304541615490925 5.1007750986495 3.073877457302035 8.503081205313347 9.52064078507727 2.680323264126275 4.053934719391152 4.699627762020013
5.093242630326013 0.8448802463698382 5.051077381754545 0.964482114351001 6.014282645626059 6.8562392060426625 1.081801363786636 3.349265911173836 3.8071854502328635
1.4955413081789248 0.962868577244893 5.430804617931322 3.282519722784059 9.179350970762165 7.069162492318815 8.27166346489025 1.7997944495058138 0.6499949158867802
0.35128280872043227 7.0619921915726716 5.559981878011017 3.4984824336246776 8.558836901655615 5.735749174069089 7.601643549034289 6.361889832888704 4.598498056304757
9.8907277058672 8.767539939078862 5.096838607393866 5.141818402449558 7.450139039638485 5.040412626389975 5.677590594586821 4.968288696305428 3.0030123166164873
7.989510295269897 6.521633129700001 3.0150783371797476 4.468230487899443 1.9336885134884358 1.31862141975868 8.808976037301816 2.9373360163502706 7.086950763370131
0.10985423423346408 5.031805410953659 1.8568018749604933 0.18957441494324545 1.4269397488508693 6.851862217905433 9.612877516998648 4.815906574615721 4.035677906238864
6.520205225346192 8.768304639802851 5.874506491614623 1.4450623704574679 9.009246255052101 4.0474124967114555 2.884942599976189 0.7990429618742878 8.462203210874508
#
2.1935805464730547 5.531543251076141 2.8109911136704007 2.5898495270264914 1.0024086784926256 0.9149190269561753 5.197780204761722 7.94406153859898 6.881087228919167
5.658350730456493 6.41573440669238 0.8422813809225982 5.787138430061084 3.5807487869473986 7.513932933347284 0.41831712733682114 9.548828855971532 6.131495688804773
9.758349220107391 2.0146263550651784 3.210323714618646 6.461640267938291 0.7407456960507535 9.615785121886475 4.807339053986905 1.48536655698795 9.899446505179966
3.8396370053034357 3.4025479094480504 6.467861419990161 6.219809805711221 4.812623679652489 1.6728013281530698 0.9675885159796076 4.973218173189838 7.015424920005124
7.547868469380277 0.48627996929834527 5.704142652092069 2.9510890950451345 0.7789522398563449 6.152754177153752 8.924150695296506 9.859089524394154 7.3872352791105484
9.440086347258205 5.798180948791136 6.324442471581149 1.5710781411549721 0.36356073008234535 2.419940805148785 2.272758841543169 1.8914703669355877 0.5102865987132033
4.156728801808024 0.5753499148938221 1.6182453665109917 4.612376044216187 1.6417358666173496 6.733950144118618 5.003143104550695 7.976569333934823 3.714604781163997
8.07753336840019 1.7647872620063798 3.1925044386979433 7.207836838243026 7.824398085003345 4.062790529293192 3.455266181986142 5.784972607049852 3.997120012330617
3.369594815866927 2.254750065040949 9.69140810050103 8.112169444831594 2.231329100574676 2.248275994299509 0.2281919167559101 7.718058092931299 3.579237373901819
7.383019133199244 8.594690260930147 1.4173640225239477 2.459474016681656 8.733443185101134 8.33599114899663 9.309974061362439 6.952830498223852 7.252931511053567
#
2.363800458031194 2.822035826782704 3.222240747691188 9.625563019508395 7.967449631126935 9.074632511922307 0.6186060526567987 9.73394157655629 4.448184280492874
3.904417096347179 9.990159674277567 6.176640276896451 5.784206924385905 7.309256910057565 7.449815375171559 7.777146101632888 0.5350995322189052 7.198253118095047
7.00383987714393 2.6046383979391856 8.851999257063028 7.673827769310174 5.096296302239945 9.963661319206857 0.9818670731577708 6.358841847467432 1.025366526882948
7.084312636459785 0.9108118556348632 4.613480263357861 8.46240717547769 7.100281543342928 1.4423498950182339 8.020039036723329 3.3762624855214405 3.963726954328298
4.744061729846071 3.484353435583029 4.70794345193029 0.6132237954212405 6.346093625271715 8.184966503976604 4.380688284135118 2.909088259180795 3.5094215190409264
5.359453940207477 7.303662367084451 7.746287430659003 3.380150407629588 4.857556011971914 1.3148004977649075 9.354594692286241 2.004701839516568 1.7085801913772194
0.15000146019738114 6.9664895803706 1.625480855623139 1.2027918101178456 1.4374513538525089 5.903689039487785 9.573292504675521 3.344803999060486 7.79403672743217
1.2118515523527398 8.404156289029437 1.41484527046905 2.8521048474596125 3.9890761031161706 4.931269225706641 9.460789391820036 9.225629556592468 2.5577413097973305
7.203411640541956 5.6160369853642855 8.746329390605988 4.7909819558125415 6.385812216004313 5.7765128255185 1.90233102393158 8.795198698235955 7.626828183694004
7.929679845455028 0.3559798355228212 4.253705302580191 6.417052269230376 2.990264638406286 5.545981924397866 8.890863739825054 7.457099666238553 6.511416708296495
#
5.583204184037913 5.032082463237941 1.9264980115174541 3.0447199650329346 0.9075820200046474 6.952223850647505 7.06908555524868 4.356726782467851 1.2096725215575823
3.0274984992289675 0.39741162104704664 1.7637222420921828 0.21936382014987998 6.288666577227103 0.341089638087686 2.7541805187715633 3.944363960459447 2.9001759278006327
0.9722375406702595 0.4499534532660503 2.405008372770391 5.38194044589343 6.257849279117735 5.3168486626741585 9.123347124823683 6.305988392223601 1.255733321864561
3.154620353832054 5.527181489923312 9.175576296757342 9.768008634917905 6.964203672556719 6.053605371644629 8.941856683928487 0.6637369788749456 2.307122690104209
2.8644132250953493 5.357394314233073 4.919020368384435 8.547212304593346 7.1762008649823725 6.718126568959124 9.972785650501677 2.6604909559736236 8.740066284823712
6.4146561098435555 7.624897947901603 9.298484421113619 9.768002787073609 2.817938636212595 3.297333711536446 9.776529969793401 9.95499432529439 7.180940894300803
9.997099122322886 9.252742702887101 6.531773918676603 3.2296368900173427 4.747895875758933 1.9798875852324733 7.39086474355796 7.986673267892719 3.830089757540284
3.3813863588570117 5.715027207570389 9.726890353317579 7.011598173217289 1.1569673761275983 6.835782374857408 0.5079198352894556 0.6678836283315626 0.2622285280637966
8.758583519516648 9.951547047589335 9.821498767582582 2.092722464712039 7.090852723070618 2.9795253754662174 9.178187122970863 1.285851172156597 6.310495906919356
9.574639820802176 7.44945526828511 9.61594332025059 7.926718072517942 6.136955770544464 4.1728469866148306 0.9440741704064592 9.775658620248004 6.440420644588401
#
9.979771118338633 7.109612441612317 2.775020165933533 6.488259940999155 9.61006194938907 1.6121171253412299 6.8815462190032815 7.738779059049855 8.236650443376659
3.9796139014953775 6.48543988550907 8.736207855489619 1.9876045130513615 5.523245514992914 4.17736782434568 2.1637821101848456 7.226449885842495 3.1260989765580973
6.446541659509889 5.8273462481744 8.632374601690652 0.3579240190116506 2.7221172656333343 4.6175811281352255 4.906935596456037 7.029236792931155 1.0343657392040742
4.075523978594114 1.9224186180328058 0.8249095008184453 9.612912025503562 6.831044671307561 7.931508372091108 1.6928323316254725 6.541306725468325 1.6943520427551935
9.409459478654773 1.01086489415282 8.073712748364478 0.7487056286536866 1.0548459225811166 5.005369300734105 5.505586103968226 1.6968724429018027 5.7512903446800285
5.2891665559353225 3.6534856089166095 9.637074603579723 9.045159480393668 7.939038682912718 2.84057060500853 9.832133055148212 3.3917760650026088 4.48058859871947
9.677492171904884 0.17479186670966218 8.557974258183496 5.910618299329797 5.534491816229301 8.250697910436593 7.46842387265489 1.1463973019030864 7.762487635112481
7.047151494514465 6.020862618361335 5.993596893349569 6.395026865029947 6.349150037858437 5.249578722263588 2.0480876809447275 3.660620631280034 3.4907422342898187
6.552064396325048 0.5573877920646657 9.55283654939915 2.7445899734493784 1.07770026620191 1.3413452068556433 4.729049377697298 8.180567454460675 9.627961933398144
3.1545362389191367 6.98638213261412 8.021332104124905 3.969008030257888 2.205076825189189 5.855587687274811 7.1477824277472175 7.61199171865871 8.761149955590058
#
4.4459097571894315 7.480184085767293 4.857034281456618 0.8569414886196469 8.030485107605458 7.301664050121714 9.42689698507937 0.415304945843598 6.24062635192895
6.6145213165470675 7.776191423187543 5.196799113053549 3.9567636170207434 2.6632160744660567 0.5818342107189425 4.096426986238553 5.143734058969127 9.974946483137305
9.176099631568906 4.066055000204606 6.405716141233155 6.989924808321503 9.041746116497496 1.035247599656052 5.66413072408506 2.0069313918140086 8.488663327912489
2.2045332937628337 9.684117297743008 1.4372471656620607 2.084062464240487 1.6395771361630351 8.628794142040142 8.178204727132853 8.863922043473908 6.9557893622214415
9.87944045819562 7.771661526714839 6.650291220145368 3.0631325240044696 1.3344878775729998 3.5281385485497623 2.7898236045939435 9.841694612496461 2.9483654563777066
2.9794482378590494 9.712457412588982 9.604527867179021 6.738687900684003 6.247812621877019 0.6739566641915484 2.8748143987322257 6.052640906070042 0.7840611213199002
0.3030159005087363 5.895947761401987 1.1705720020971655 2.2062783854678916 3.227580295148673 7.768900544363749 6.919634300742679 1.1127596486505955 5.880084887899012
1.3844526429508002 1.5663521217686007 5.825544768682575 1.8316840698434231 7.627384775382789 3.5550149689440182 1.4898680947580996 0.8471754295977698 9.39064330548063
5.319784234410567 8.033443563613911 9.907133963275033 9.846981614641143 3.5893391711030476 5.3049165224784325 6.54343834423773 4.761310540142309 4.143775923502114
2.16661890936471 4.09917304817335 8.92882370375535 8.901185860380341 9.590056725298068 9.910631322222908 0.315764479983077 6.118858999774991 4.2464497851199585
#
