#
6.08011687701302e-3 3.21338341181446e-2 4.2735771527922e-2 2.67114715536311e-2 1.44805900405962e-2 0.267765857318559 3.16124417389517e-2 7.84799168251827e-2
1.03759966627749e-3 1.44570661101618e-5 7.47468622570333e-4 7.75182464679437e-3 2.28971494622339e-2 1.15327891210014e-2 0.155877488965927 0.300141222449085
3.38083164890769e-4 1.69071586397653e-4 6.95828538453004e-4 2.63153774402409e-3 2.51702694058513e-5 0.203424472016667 5.89227651001389e-2 0.233793071580023
8.60314648320973e-5 1.02174282679847e-6 1.44688717055175e-5 2.96765193229354e-4 1.86768811329551e-4 1.24493518633874e-3 9.71842172523644e-4 0.497198166557214
5.40658696095713e-4 4.48606741202628e-3 2.9277859265442e-3 5.82807154112616e-3 7.34739872010405e-3 2.76867109008744e-2 5.33098453714645e-2 0.397873461431765
1.06173269135255e-3 6.40088165854474e-3 8.03575144978591e-3 6.05815825934338e-3 3.20676828662165e-2 1.46356191269148e-2 0.110258689809677 0.321481484138165
4.83310714672045e-3 1.38164743506953e-3 1.91834740350749e-3 7.08218235080906e-4 2.72179882137451e-2 4.39593233885032e-3 0.275863296948585 0.183681462278441
4.2408258989424e-3 1.71252619839602e-2 2.70127826913442e-2 2.89150393422232e-2 2.09982348534146e-2 0.150898948726686 5.34887932201636e-2 0.197320113283265
7.2357925062928e-5 4.42185467511931e-4 4.31534842514647e-4 1.07663750173521e-2 0.101111259496658 8.43331622311588e-2 0.217408623687774 8.54345013319676e-2
7.6577410196733e-4 1.0816130454305e-4 3.43440310269578e-4 3.8043770738163e-2 6.70323884597973e-2 1.26114716518587e-2 0.142806726970993 0.238288266462408
5.00247218277993e-3 1.49310401107354e-3 2.11525941532409e-2 1.42993420758926e-2 2.44904671588301e-2 3.06523376613634e-2 0.142487179292699 0.260422503464121
1.39294494445529e-4 6.95067276459047e-5 1.87479923744537e-4 9.12875457942061e-5 5.07967190835702e-4 1.60293867993955e-3 0.301936583207932 0.195464942229663
3.520676591066e-2 2.78124930877439e-2 4.46939015224865e-2 8.36771769114445e-2 3.0951651055803e-2 3.57363484373804e-2 0.134397720425339 0.107523942649143
4.09710390348338e-4 2.11222582981676e-4 3.91058112990883e-4 8.18328525470005e-4 3.29247644799445e-5 1.56162388239865e-2 0.124286081778687 0.358234435021055
2.05497247260047e-3 4.26029195073576e-3 6.4036291279569e-3 1.25210362292033e-2 7.21192455739858e-2 2.48715594697372e-2 0.155289603844045 0.222479661331735
2.55498016988552e-3 5.04604747136754e-3 2.12968526942654e-3 5.66561248633608e-3 1.62481100366498e-2 2.94350071902481e-2 6.49716588027042e-2 0.373948898573382
3.71052377274027e-3 5.19334295868353e-3 1.71786939475932e-2 9.30769251471184e-4 3.16434764900445e-2 5.94126091146064e-2 0.201836757189258 0.180093827275603
2.58186190755563e-5 1.17271090511411e-5 6.98462443523543e-5 5.25389324046725e-5 4.34185473025416e-2 8.7766605356745e-3 3.54840942487374e-3 0.444096451832026
2.60644584878165e-4 1.03360095139021e-3 5.36884456924418e-3 4.01746679570317e-3 3.09299454653489e-2 0.167520761242846 0.128465444292319 0.16240329209827
1.22817659091903e-3 7.43131363469877e-4 1.62841187755084e-3 4.56742556078367e-3 2.34785881923785e-3 6.88421739328032e-2 0.252239613288218 0.168403208567017
5.15880546275714e-2 1.41479543169973e-2 1.94196209904054e-2 3.79410760631377e-3 8.75395590781681e-2 0.11214923092965 2.06522800562844e-2 0.190709192394609
6.45714043924444e-3 8.86702242283772e-4 5.32854313043944e-3 3.00082008634377e-2 1.42656454723318e-2 4.620463088709e-2 2.08197748193479e-2 0.376029362145825
1.29907897147797e-3 1.29434598162083e-2 1.03179754367729e-2 1.12316164977695e-2 0.114622138889708 1.39982823783627e-2 0.223851779691477 0.111735668318223
5.69830435404173e-4 1.00201423162472e-4 1.9785633246104e-3 5.2472448288861e-3 6.11198481733325e-4 1.55975054690648e-2 3.6015054936231e-2 0.439880401100908
1.75382806597976e-3 4.06696122858989e-4 1.39644525977399e-2 1.86858519796875e-2 6.93351984903189e-2 2.96645092663088e-2 0.246269352858448 0.119920110618658
2.89932570768726e-2 1.67349247234443e-2 1.36286454066931e-2 3.31791852743459e-2 0.191578281520451 5.3749393535198e-2 4.58975513640473e-3 0.15754655732659
1.69932151194322e-6 1.20656692574316e-6 3.41018197140047e-6 2.45018536212799e-5 2.94350669544736e-5 4.63439678666578e-3 3.15970805346166e-3 0.492145642168888
5.18252742609731e-2 2.34457647240725e-3 0.156022976148036 2.43591907201048e-2 1.37865781237989e-2 3.03875791216252e-2 0.192372698671043 2.89011264820123e-2
3.54843922088923e-3 1.10556612253104e-2 6.89993669287969e-2 1.28713271822712e-2 5.24833637531307e-2 2.9488433926774e-2 4.15533652293255e-2 0.280000042533502
4.34117311447602e-3 1.14629889344488e-2 6.10946267629889e-3 7.4418488525165e-2 3.47374969015946e-3 0.135845568297806 0.164326462283645 0.100022106478001
7.54365682311772e-6 3.23830504269353e-4 6.01722728254614e-4 2.67246583145462e-2 1.95554255327008e-2 2.46652840542792e-2 9.20383613007948e-2 0.336083173908332
4.52795610151586e-3 1.24714119650198e-2 2.26918079389235e-3 3.0288555363338e-3 3.04384551118745e-4 0.179871489069418 8.18339290959765e-2 0.215692792886725
2.28357486380915e-4 2.85815082775322e-5 2.53997770605253e-3 4.57126867461165e-2 5.59889622009227e-2 0.181299750302868 4.3826514948036e-2 0.170375169101346
2.78294062439155e-4 1.32013272780956e-4 1.92328323207283e-3 1.10843805213782e-3 2.60968237561487e-3 5.40657292067493e-2 2.854685778529e-2 0.411335702012915
9.82766787584057e-4 2.61615517902191e-5 1.12158420398138e-4 9.01101476601579e-3 2.4106535957909e-2 2.18029694690008e-2 2.97860212378509e-2 0.414172371809451
5.47589418049749e-7 2.80283021417903e-7 3.19784373513611e-5 5.36962809774003e-4 3.43493138373911e-4 3.38954162210384e-2 2.81405589640403e-2 0.437050762556983
2.34309024701472e-3 1.38636512820801e-3 1.3500621979427e-2 8.09351420519492e-3 3.30307029370154e-3 7.4772655845824e-4 0.32100661870353 0.149618992884466
6.39482114206071e-3 8.4877366725923e-3 2.56141270145585e-3 6.16847336579478e-2 0.115494642086189 3.09720685745146e-2 0.235163272609624 3.92413125556155e-2
2.00417713966405e-3 4.65560273176876e-4 1.32754792730981e-4 5.22654341892081e-2 0.201224631644668 7.94529630335108e-3 0.118271334668688 0.117690810988513
2.26603788257942e-4 1.53764098904705e-2 4.68755621754305e-3 4.68842643353959e-3 2.25007154343836e-2 1.79654129588543e-2 0.281073370325589 0.153481504951362
6.93104683452621e-3 2.73896174073363e-3 6.77781639566137e-3 2.63582330580928e-4 2.98289620926304e-3 4.81859476753789e-2 0.236875246446756 0.1952445023671
1.958351184049e-3 3.09591274969886e-3 4.09733078399759e-3 6.44418697388652e-3 2.54392402879627e-2 7.64291767159558e-2 0.352136323016827 3.03994782876221e-2
1.20064710945541e-2 5.63171942104156e-3 1.87467745445415e-4 1.92958074176532e-3 0.139940019808058 0.105967213504516 2.06450468868833e-2 0.213692480797736
7.49089114520692e-7 3.50315686464678e-8 3.23911002585724e-6 9.54236858783682e-6 4.24224721615421e-3 2.49106945666265e-2 9.56090277360967e-3 0.461272589844313
1.12595505580625e-2 6.26931126120538e-3 2.15396380510771e-2 3.34522063324347e-3 4.79803632914176e-2 3.03821314724298e-2 4.32244114623657e-2 0.335999373270198
4.23289906870981e-6 1.31027052455243e-5 7.43456049221703e-4 1.86163938710916e-3 5.88406758076359e-4 1.50139844329848e-4 0.140043054294613 0.356595968062336
9.93817861496633e-7 4.81790272795398e-6 9.79997116736216e-3 8.66223197357071e-3 3.11540399081827e-2 4.4827052582653e-2 0.156648087149352 0.24890280549829
2.06539231969206e-2 3.90805905383021e-3 6.55303079462854e-3 1.38051457462012e-2 0.140625677453081 5.92456912528237e-2 7.73606437036583e-2 0.177847828798857
8.27326588346195e-3 4.6645056175853e-3 6.08311448909578e-3 1.62918339372294e-3 6.41620900555297e-2 7.00092525282721e-4 0.139408784651718 0.275078963383603
6.84708024178347e-5 3.93326387225173e-5 8.4785324734849e-4 2.25223486695454e-3 9.56063467906365e-3 2.00725635600187e-2 6.92176899105274e-3 0.460237141214422
1.49823817433142e-6 3.31466280313816e-5 1.94735701390287e-4 4.13024772387371e-4 4.74883549815843e-3 1.60285080488377e-2 4.96176451407293e-2 0.428962605972291
2.36364672220629e-4 2.45227214045611e-3 2.9647671635977e-3 8.7009818451816e-4 9.10855340065434e-4 1.46938855167579e-2 2.52855075561038e-2 0.45258624942628
3.77170221946334e-4 1.47880043324552e-3 4.70151044236652e-4 2.0875372025562e-3 3.45144467709502e-4 9.80138035169871e-4 8.80109690631008e-3 0.485459961688826
5.42648660966236e-3 1.8030233726222e-3 1.39725204235826e-2 2.43775980866221e-2 4.45245572538778e-2 0.248877363827279 2.23382674987487e-2 0.138680182927605
1.83418298946062e-4 1.96314903952267e-3 1.47441503436551e-3 4.83943165268832e-3 3.62098863233601e-2 0.261783153690013 4.92915657507707e-2 0.144254980210334
1.87227729683084e-6 7.22513459695958e-8 2.55478235395922e-7 1.21287132803472e-4 3.36947621038566e-2 0.256728065574123 1.63907568200251e-2 0.193062928362313
6.14067139049099e-5 9.30804639705474e-5 1.55152599328439e-4 2.56187852030602e-4 2.84653162806212e-5 2.93430354861203e-3 4.05214132557276e-3 0.4924192621803
2.7331551844617e-4 8.33680618424576e-5 5.43291706176916e-4 2.82093975206548e-3 7.53121775303298e-3 2.9230915033403e-2 0.336565621035048 0.122951331139985
8.06600887321117e-6 1.19937456945204e-4 1.29339631432396e-4 3.558103438399e-3 7.61327413396777e-3 5.82039470346684e-3 0.268913212036713 0.213837672590202
6.10984574882197e-4 1.05101943744143e-4 1.06385910275301e-4 1.06485379382041e-2 4.78161635310649e-2 3.51827683984278e-2 0.178506182256866 0.227023875446536
#
6.72955292817128e-5 2.00793826959259e-4 2.34760410855676e-3 6.94971231563855e-3 6.67401362264787e-3 0.369254876761836 0.102944650257474 1.15610535776061e-2
6.78670613467348e-2 6.63075551545674e-3 3.47052359547257e-2 6.82330773804022e-2 0.179589443724825 1.27000917181839e-2 9.31304699063006e-2 3.71438644533715e-2
2.17213654389885e-3 2.55830298686815e-3 1.60348943393896e-3 7.45114225314533e-2 5.52342329220411e-2 4.60719357665952e-2 3.74468090778253e-2 0.280401670737379
1.61691871149911e-3 1.2131880577219e-5 5.74213616315269e-3 9.36663890966802e-3 1.77274014494097e-2 1.00156208194715e-2 0.103016724372531 0.35250242769369
1.6018655833848e-3 5.12039393817558e-6 1.56721281868745e-3 1.40896630212477e-3 3.61655937503429e-3 2.51054138729878e-2 0.197245048702601 0.269449812951242
1.58043350485488e-5 1.16423332273362e-5 7.69630623379699e-5 7.59625281199664e-3 9.65334086516114e-3 1.06262635729035e-2 0.149326736978084 0.322692996041241
3.284052970108e-3 2.05129643061042e-3 1.47401949275639e-3 1.12076735275961e-3 3.73624999671745e-2 5.9137408689558e-2 4.65670557981217e-2 0.349002899298911
1.63861347378911e-3 9.0419524344134e-5 1.46376575691864e-3 1.6099981565265e-2 6.67064677543546e-2 0.154717860495371 9.16714174134574e-2 0.1676114740165
1.27970740646966e-3 2.38646313411536e-3 1.92564429555613e-3 8.06785694839871e-2 1.0789112912798e-2 9.76254969198281e-2 0.187415215153287 0.117899790693959
6.7024556689084e-4 2.06714355893396e-3 2.45507768686563e-5 9.93792276881216e-3 4.4828764690109e-3 3.68867594061066e-2 0.109981569545166 0.335948931908211
9.66228533338263e-5 5.12473828122124e-4 5.84982640120093e-5 4.20263362531114e-3 5.35383027984079e-3 0.107195743197918 6.68435703653984e-2 0.315736627586063
1.95106435359688e-5 2.78000309131176e-3 7.28122491013998e-3 7.85858222757302e-2 1.35037614099419e-2 2.97097507743288e-2 2.73483878323904e-2 0.340771539062621
8.48477169060067e-5 3.63562161138358e-4 8.08081262082731e-4 1.53409019398782e-2 9.79135084212541e-2 0.104358776026991 4.62329558702897e-2 0.23489736660146
8.14837038720127e-5 2.69735773234736e-4 3.09992169007372e-5 7.72364990392111e-4 3.69807076302846e-3 0.319643651969669 3.93477883174689e-2 0.136155905265434
5.85665667753389e-3 2.64794774580998e-2 3.7639226514037e-2 9.79445453274101e-2 0.106624023901193 2.78781058785032e-2 6.9246923219934e-2 0.128331041023289
5.42129722395259e-6 2.31531496725219e-5 3.95232580592262e-5 7.03324281556677e-3 1.28803897723654e-4 1.69684748645467e-3 4.42710849046822e-2 0.446801923190617
7.76257743475057e-2 2.76880955422347e-2 3.65883430991851e-2 3.35325265760762e-2 3.60434846075128e-2 1.2972629983645e-2 0.261997704583436 1.35514412604046e-2
0.138488975329831 1.96272804280517e-2 8.89338064854549e-2 6.98951303815787e-2 1.12099379715734e-2 1.4126639162829e-2 2.05777889565664e-2 0.137140441284115
4.76129587071983e-4 2.79773865206945e-4 1.31014541753075e-4 1.22771721022024e-4 2.83751801516701e-2 9.99529627256194e-3 0.334182275474967 0.126437558385747
2.42308417685012e-5 2.80114314122566e-3 3.15615207696993e-3 2.26597545317339e-5 8.15000815371873e-3 9.42610264478324e-3 0.148579665823261 0.327840037563741
7.85437516931105e-4 2.18809716852774e-5 2.63967589034656e-4 1.58408313377313e-5 1.51695383593462e-3 3.50630086866304e-2 2.50041973500773e-2 0.437328713218369
2.33124575087852e-4 5.38804091452405e-5 4.8022462618356e-3 1.40021609282498e-2 1.18472774650085e-2 2.88194733167177e-2 0.27053296870909 0.169708868334866
4.82750157454316e-4 4.40464346038537e-4 3.29604811916891e-5 3.83085171501879e-3 1.40730140503535e-3 2.78229941845368e-2 0.231795210577942 0.234187467132782
6.0020109536248e-6 3.87879478410618e-5 1.89638299313941e-3 8.98210522222009e-3 9.22889426961814e-3 4.44632645661293e-2 4.86573466221499e-2 0.386727216367948
3.37181510965622e-2 2.03162382723396e-2 2.12675153109184e-2 3.66984071292664e-2 3.3009304444632e-2 0.10522005485448 0.193414743754253 5.63555851375477e-2
1.65480929457516e-4 7.13007708798236e-6 1.59867959224758e-3 6.5037719633056e-3 2.14191256633063e-4 1.13172743245448e-2 0.280504130287549 0.199689341569175
1.03744787552594e-2 5.71798131002975e-4 1.57948604312885e-3 4.01189883801059e-3 1.79584889265077e-4 3.76931546008634e-2 3.15975137540804e-2 0.413992084988389
3.42257818284926e-5 1.23624113400351e-5 1.07082559283809e-3 3.30690345077368e-3 4.76839240557051e-3 4.61718189101315e-3 0.136014890811067 0.350175217655569
8.01796907126978e-6 3.59625732339764e-4 5.68907581886158e-4 6.36824469677098e-4 5.41464409627813e-4 1.59508685263718e-2 0.465650231803122 1.62840595079046e-2
8.44524565346944e-5 1.25568999445933e-5 1.43588642219153e-4 1.317156613059e-5 1.51657373505146e-4 1.73996807379804e-3 1.84077783344848e-3 0.496013827154419
1.81658920338973e-5 4.02490128163507e-6 9.53379375393979e-4 3.15025067851045e-4 2.23272593199967e-3 4.6920338948181e-4 5.46823685784085e-2 0.441325106863549
7.43200365422573e-4 1.27788829080181e-4 3.64335794256525e-5 2.46340694424399e-3 2.67788582604392e-2 0.158978464540235 0.284586059191749 2.62857882894044e-2
5.84811993777896e-3 6.35912968361864e-3 2.75809111087731e-3 5.89156914492407e-3 9.59818903449962e-3 2.61394391028414e-2 2.65011347973517e-2 0.416904327188108
4.8379796571064e-4 2.18968100951872e-3 4.88450497806776e-3 1.42621943033739e-2 2.35673222822756e-2 3.46452776665537e-2 6.12012677085172e-2 0.358765954085982
2.90666508459596e-3 1.01298428547634e-3 2.87394167208099e-3 2.62287380373107e-3 1.00406325775999e-4 4.49306820102908e-2 6.12828619703091e-2 0.38426958484774
3.21470973060027e-3 6.88712578468142e-4 4.89015321433215e-3 2.87628120311873e-3 4.18262923295423e-3 1.0976612747611e-2 3.22725359793099e-2 0.440898365313606
9.85863211123116e-5 8.75840534101648e-5 1.97205455433043e-4 1.94691959112008e-4 1.02753015127086e-2 6.81884575739099e-2 1.14519774759706e-2 0.409506195648343
9.28993850610694e-6 6.81844417863384e-5 1.71991132571676e-3 3.40310542213059e-3 4.02439208603191e-2 1.32991427336987e-2 0.128522814482469 0.312733630795373
4.34682147929194e-4 1.36208071387334e-3 1.52805636495708e-3 2.61915722741918e-3 2.53682206929026e-2 6.16594023775459e-3 0.349844536602446 0.112677326012718
5.11039382101181e-3 2.37614102793863e-4 9.23479823986658e-3 5.74285498029633e-3 8.48722772020825e-2 8.25292698295411e-2 4.61539641917241e-2 0.266118827632684
5.14796913678608e-3 1.46634076532331e-3 1.41206355903504e-2 3.18579746047572e-2 6.65226349428154e-3 1.28335373815192e-2 0.104117996766179 0.323803282260803
5.11537128330954e-5 1.39815356239526e-5 2.01814439227168e-4 3.46707644692271e-3 8.24689768317515e-4 5.57646405621143e-2 0.290195846580608 0.149480796954353
6.96062959793277e-4 1.03078854904891e-3 5.21815055875898e-3 1.0601293784493e-3 5.00150817864083e-2 2.0407717169329e-2 4.71887183567953e-2 0.374383351241417
1.46602935557266e-2 1.05722951311233e-2 8.42514437886352e-3 1.81087922768291e-2 0.118561603896564 8.84596928077509e-3 9.09158226817391e-2 0.229910078798379
9.81449393157277e-3 1.39679383092313e-2 7.97191454178521e-2 8.64954953820045e-4 0.131717489772902 2.58886856194155e-2 9.11203893788721e-2 0.146906902616335
9.99468369059408e-4 2.97737663326663e-3 4.21994963838031e-4 1.70600940214745e-4 2.14986949370322e-2 1.80359701022627e-2 0.281539255053573 0.174356639000753
1.20675331017258e-3 3.30287799188144e-4 2.7222159632518e-4 2.76387242714653e-3 4.16010300697851e-2 4.42302954104679e-2 5.71886933291015e-2 0.352406846057813
1.47892051673504e-4 2.10415968755931e-4 1.67911830155326e-3 1.95919570526259e-3 1.14639510406533e-2 4.42213704451832e-2 7.86388594951099e-2 0.361679196991808
5.83020807409727e-2 7.17552960007524e-3 6.43568974199673e-4 4.37604151087797e-2 2.07425219677217e-2 4.20358090100046e-3 7.06423525567151e-2 0.294529950150535
8.58384662527431e-5 2.43464185004409e-4 2.49727913703421e-4 1.78546371571192e-3 8.8064504497261e-3 0.1674473749783 0.30089163625233 2.0490044038971e-2
2.61381411242987e-5 6.12261738898802e-5 8.30267919758576e-3 2.61041629759076e-3 2.60917834143185e-3 8.64738265199058e-3 0.193256012157797 0.28448696703859
1.02974047808619e-3 7.97664324732322e-4 2.03915652830445e-3 2.01237653210015e-3 7.21999584645648e-3 3.05796462521006e-2 0.266346604132206 0.189974815906014
1.64124329394305e-3 1.10232034878934e-4 7.02042144549145e-3 3.65467569237489e-3 1.92842397443551e-2 6.51754798427308e-2 6.42606896629159e-2 0.33885301828331
2.32164884397509e-5 1.41918042190725e-5 3.2083591819189e-4 1.0918339188642e-4 4.20540836248174e-4 2.86102878840422e-4 0.419460672402763 7.93652562794114e-2
8.50991082379891e-4 8.35737695014222e-5 6.19138734117736e-4 4.23940962842395e-4 5.34599210854782e-3 1.06406346103495e-2 0.209242364126957 0.272793364605304
3.50084731819116e-3 8.14363021236081e-4 6.0514888199872e-4 9.02848711559804e-3 1.78113977200512e-2 0.383390452272233 4.24953508817796e-2 4.23539527889127e-2
8.25569995585413e-4 1.17799130101744e-5 5.1878113819698e-4 1.07059962119126e-3 2.99409937884128e-3 6.55381594175085e-2 3.0519801214439e-2 0.398521209321227
1.10280140581729e-4 1.27112953947568e-4 7.27770657830137e-3 2.35680516821819e-4 8.11471219078219e-2 0.169006044116507 1.28718449368977e-2 0.229224208849121
2.86493680882704e-2 6.97010776282452e-4 1.20153835557058e-2 3.86597142828817e-3 0.122682374551287 9.54211618342212e-2 4.54955529301076e-2 0.191173176835837
4.83310714672045e-3 1.38164743506953e-3 1.91834740350749e-3 7.08218235080906e-4 2.72179882137451e-2 4.39593233885032e-3 0.275863296948585 0.183681462278441
#
1.15224538678122e-2 6.96205019624162e-3 6.85710878130052e-3 1.87820245963958e-3 9.26784386097278e-3 1.93255424081516e-2 7.68168267839043e-2 0.367369971641977
1.33236649883422e-5 8.25101861370633e-5 3.60112093274573e-4 5.80701757161671e-3 9.6011333662596e-3 6.05317727775214e-2 1.30901349337451e-2 0.410513995406457
1.47220632436988e-3 1.77672023603093e-3 2.64223511386011e-3 1.46058089814551e-3 2.98822861439502e-3 0.256911306531199 1.82701016212852e-2 0.214478620660714
3.66740101769513e-4 4.60840242191927e-5 4.59785341393009e-4 7.29969802285828e-3 5.56613356789182e-2 4.52967564947044e-2 1.34668170217181e-2 0.377402783314419
9.44437156518352e-4 6.06931855219631e-4 3.29835732955693e-3 1.49656066260046e-3 4.3618263750531e-2 7.4846835583172e-2 4.49839415613525e-2 0.330204672101049
9.81107570999526e-3 7.40656466221347e-3 3.72725346530065e-3 0.238173726218055 1.8607697779995e-2 9.5323083723803e-2 0.103495463603934 2.34551348367031e-2
1.28867861199931e-3 1.3788989136942e-3 4.76428872641081e-4 1.70694680741763e-3 1.35393729784285e-2 2.71263795094038e-3 9.97143337579045e-2 0.379182702106974
7.1006993794497e-3 9.5959796518485e-3 3.16655101463617e-3 4.35819939053516e-2 0.186155345605447 1.7696835069781e-2 0.129529395517217 0.103173199856269
2.74504343737748e-5 7.75476046898926e-5 1.94628913836752e-4 7.32761608407797e-5 9.41197522576867e-5 5.46173066920819e-3 9.14220575691944e-4 0.493157025889101
4.6739960669318e-3 2.26972054874918e-4 1.24772166494372e-2 3.00843175006749e-2 9.39421941220262e-2 0.114005152566476 5.97945045714089e-3 0.238610700582438
8.58116676366713e-3 2.29577197688504e-3 7.69891578481742e-3 8.34350202865915e-2 9.73381487825708e-3 0.288135330168237 3.09333915928683e-2 6.91865885486764e-2
5.00247218277993e-3 1.49310401107354e-3 2.11525941532409e-2 1.42993420758926e-2 2.44904671588301e-2 3.06523376613634e-2 0.142487179292699 0.260422503464121
2.64651107267711e-2 6.93685578027302e-3 1.1082808230544e-3 8.92570631252309e-2 0.109782653337243 1.27301101714176e-2 7.56542103626002e-2 0.17806571567341
6.05300770591535e-5 1.23832724951708e-4 1.4614562289617e-5 7.23753828418074e-5 4.5628815584675e-2 2.91214175177943e-3 3.66508892550291e-2 0.414536800661374
3.8303673261165e-5 6.0443321119349e-5 3.99991670097171e-5 2.39115246868141e-5 1.23686964662631e-4 4.31755600814026e-2 1.54609383715845e-2 0.441077156896273
1.26517105837394e-3 2.48363501870212e-3 3.08969681573355e-3 4.93738811635568e-3 0.130279702714276 6.5589862893833e-2 0.119110323330232 0.173244220052494
3.62503052982751e-3 2.52073376298664e-4 1.73812342322833e-3 3.44867981212556e-3 8.67565109925068e-2 0.141214035811924 8.63529729945282e-2 0.176612573059561
1.25475660023916e-2 1.60031063622163e-3 5.75032479193361e-3 0.117047182674854 0.279808345964302 3.34116129704816e-2 1.30756436326234e-2 3.67590133271921e-2
3.09222874156805e-5 3.20832070941263e-4 1.55781984119171e-4 5.31612461629571e-4 3.70212355082496e-3 0.314417723127787 0.177722856907937 3.11814760934476e-3
3.45130958090411e-3 1.55208417821299e-3 7.46636221034731e-4 1.1745064084582e-2 1.76785840518182e-2 0.186924271489352 0.189453465574675 8.84485848194215e-2
2.26778848007485e-5 4.03728674100583e-5 1.41703502828669e-4 8.88439311944975e-4 4.99580396639842e-4 1.21487507180112e-3 3.22288163617788e-3 0.493969469328397
2.34309024701472e-3 1.38636512820801e-3 1.3500621979427e-2 8.09351420519492e-3 3.30307029370154e-3 7.4772655845824e-4 0.32100661870353 0.149618992884466
1.75402088928264e-5 1.87015813046571e-5 7.25489549359585e-5 1.7503013716728e-4 8.59566486152712e-4 7.7803562434409e-4 1.67097758765728e-3 0.496407599419545
6.01892384947569e-3 6.24311110239007e-4 7.54953791179082e-3 2.33463602309172e-2 3.58339495882542e-3 7.89224119819523e-3 0.353844530138984 9.71407006015725e-2
1.04634110049629e-3 9.17499205173981e-4 4.31109711827481e-4 2.79146880712011e-3 1.7499909616576e-3 7.03518190774467e-2 7.15008368627466e-2 0.351210934273531
7.88877933012983e-4 1.20801456049768e-3 2.16629435254169e-3 4.71542870491146e-3 4.9882125597543e-3 9.44924364068912e-2 0.205199988397158 0.186440747085233
8.53138022270306e-4 4.28394202025438e-4 9.69380899334453e-4 7.385515575004e-3 6.89451066314214e-3 1.36037060774488e-2 4.84371573010265e-2 0.421428197259748
7.94013468788036e-5 1.95044684290633e-5 2.92118360000817e-6 1.39366103056961e-3 1.87879474065508e-2 4.20475024403696e-3 0.127602229050809 0.347909585269126
1.9350060707501e-3 5.76455172256783e-4 4.16627877776467e-3 2.88519333151778e-3 7.65057533927926e-4 2.610847992711e-2 6.12746972289223e-2 0.40228883195775
1.54722704023568e-3 5.84711162850236e-5 8.76923141068306e-5 3.03020785444289e-4 9.97427274278679e-4 0.256426085607594 8.23687935062666e-3 0.232343196511428
6.38945163446763e-4 2.9452870064858e-4 5.38295249343058e-4 3.20115295533923e-3 3.12499527491396e-3 2.9953963900516e-3 3.64065935352131e-2 0.452800092731044
1.51453776522713e-2 6.29888432770948e-3 8.08276305120981e-3 4.118913302416e-3 5.77046312713465e-2 0.135953555253844 0.125216181900027 0.147479693241175
1.71179228375014e-4 3.47886783541368e-5 8.19297958425681e-5 6.39459742521352e-3 5.3146535836235e-2 0.156172811190037 4.70251714807527e-2 0.23697298636519
1.69870310471573e-3 6.03084111339055e-4 1.9865872160498e-2 5.69203869239522e-2 1.17286991653904e-2 3.11987577918545e-2 0.119555478074151 0.258429018668099
1.74873894640682e-4 1.33870628621491e-4 1.35234136621013e-3 6.00173468561213e-4 1.11698580203149e-2 0.154773323461317 0.270958914987277 6.08366441730581e-2
1.01816390740913e-2 4.72295787419974e-3 5.22297060486191e-5 2.47582602253284e-2 3.79292413534851e-3 6.30760988062049e-3 0.372562920271433 7.76214588329296e-2
7.45120565467054e-4 7.66411223189671e-3 5.17204744216076e-3 2.44982603675746e-2 2.67030624173848e-3 5.26946837669821e-2 0.249344063853044 0.157211405531136
8.24597283493469e-4 9.53038338933913e-4 5.84500256982663e-4 1.12227523285815e-2 3.49297913508177e-2 1.25090786839291e-2 0.179908743256306 0.259067498500956
2.43218848930221e-4 6.85917954575165e-5 1.06819947668114e-3 9.311664438004e-3 1.2261212529359e-2 3.69330689864567e-2 0.230276252084641 0.20983779184047
1.06491608189961e-3 1.78991679751285e-3 1.18291670562007e-3 6.44315014403372e-2 1.39211568237603e-2 1.19363702874388e-2 0.316547607907126 8.9125613956305e-2
1.55717748775867e-3 6.65489989510842e-4 8.98744706343927e-4 6.61901554558353e-3 1.93386834554221e-3 2.6552808805533e-3 4.9977527582455e-3 0.480672670286462
3.1976085646263e-4 1.74297554236294e-4 2.12287229577196e-3 2.55909430221156e-5 7.95154407242424e-3 1.25434602239774e-2 0.347744976750993 0.129117497303112
4.80103620973243e-3 2.9453107357122e-3 7.78448293811394e-4 2.73362884420769e-2 4.15464377884774e-2 1.94041797991666e-2 8.17042548527602e-2 0.321484043878263
3.3305466980949e-4 1.58376334355008e-3 5.08664037721163e-2 3.16716791675376e-2 3.90335026200194e-2 0.211794079870539 0.124592106930899 4.0125409625529e-2
2.49925540046537e-4 2.02746219671711e-4 1.04938950404744e-2 1.15099981954548e-3 5.3560914834228e-3 0.107312990930079 9.32506458383887e-2 0.281982705128371
3.46026535584795e-3 1.45643677415134e-3 1.20045250494001e-2 1.54620902408051e-2 5.25952773670684e-2 4.87189420915073e-2 2.7719083445314e-2 0.338583379675906
5.12212755890221e-4 1.19255192071756e-4 1.15040489996436e-2 1.12491004687502e-2 6.77669123252272e-4 0.273540870903269 4.64327247544601e-2 0.155964117802663
6.40387023862908e-3 3.14195879488631e-2 2.24463581536442e-2 1.72930757190541e-2 4.01711440548513e-2 0.156733168901194 0.194172734992583 3.13600599911809e-2
5.75080070567337e-6 2.03737118757022e-4 2.05247979682741e-3 7.25460368701148e-4 9.70577586404616e-3 2.49016982535701e-2 2.8868505322481e-3 0.459518247265144
8.21372205357075e-5 1.29251610146393e-4 3.24357914461291e-4 5.76197770770534e-3 0.168797162757086 4.59261067061645e-2 0.119972598059784 0.159006408024117
1.29518443119724e-4 8.90934809477935e-7 2.81812780815342e-4 1.05555403054844e-3 5.36076338630148e-2 1.85973104252397e-2 0.111436456048815 0.314890823473637
2.59835298850553e-5 2.26908248350237e-2 6.36641224888197e-3 0.112896533166135 0.12913732549 6.56532578916605e-2 9.57148486033693e-2 6.75148142350441e-2
1.57137955537607e-4 4.20606889912836e-4 7.18870333047645e-4 1.4811600227567e-3 2.13698410499162e-4 2.79114670271647e-2 0.108622288770197 0.360474770590884
6.84888193991619e-4 1.44188330938976e-2 3.81405772877378e-3 2.99425717101208e-3 1.60600407288018e-2 7.51473734420359e-2 0.269685899125017 0.11719465051647
7.06155940695688e-6 1.87905934519227e-5 9.3556846728579e-5 9.47124725499121e-4 5.23873799113426e-3 5.20540191303937e-3 9.33150270527809e-2 0.395174299317959
6.38696697541256e-4 3.70445475363351e-4 1.28707516508743e-3 1.06152923359181e-3 8.65602244785654e-3 2.48490998350685e-2 1.09608303589734e-2 0.452176300786518
3.24240816127036e-4 2.42906055791713e-3 2.77116205748628e-2 3.1881479291163e-2 3.42902181519916e-2 3.80458012130346e-2 0.293893127239343 7.14244521555605e-2
1.4181434911115e-3 4.22523564352386e-3 3.88575535629978e-3 2.78450356341839e-3 6.10672956531644e-2 8.6482951539978e-3 0.206884853379223 0.211085917759261
1.07015880342981e-5 2.88067183117082e-5 3.65621779839552e-5 1.22049086242517e-3 7.80901704476661e-3 5.6120247343275e-2 1.34437353750207e-2 0.421330438890183
1.28694690753865e-3 3.89772333478828e-4 2.51711032018924e-3 6.93557466907086e-2 1.44879812783694e-2 2.05049809712892e-2 0.307087522172876 8.43699393255496e-2
#
1.56161590453552e-3 3.29724345648577e-4 2.54963078640211e-2 3.44225610600852e-2 5.62564714776798e-2 5.02275848699398e-2 0.132561716502711 0.199144017975379
4.21970621176927e-4 7.75965414665793e-6 7.14608834320628e-3 1.80392442491021e-2 2.40478944614891e-3 6.86672850431388e-2 0.102540926892922 0.300771935750158
9.46610437323439e-4 2.39265367366013e-4 8.18334064847085e-4 1.42884673694369e-2 5.27623074593649e-2 0.159385379970575 0.132989624604481 0.138570010726606
8.8261724180389e-3 2.99043954418341e-3 3.01448709994387e-3 1.6414205138271e-2 0.102917923061665 8.43002988848075e-2 3.19301228343903e-2 0.2496063510187
1.38506945033682e-3 2.30535547836628e-3 4.6912693982631e-3 1.8439411810958e-2 5.82785095904243e-3 0.273298396616247 5.33595539682115e-2 0.140693092318574
3.53033603653709e-4 6.85379178162865e-4 1.4394849648075e-3 2.11483042688231e-3 0.115445595352119 0.167929397947407 0.15344136297994 5.85909155470277e-2
3.96031346285645e-4 7.78355776603431e-4 3.7681780765535e-3 5.06431481477262e-3 8.33510970910329e-2 2.49997954161159e-2 0.310694920749273 7.09473067293629e-2
4.66789370631047e-5 1.39034331289016e-4 1.19191926105615e-3 2.20690037907403e-3 5.4185755694149e-3 1.52232187602104e-3 9.11154106857435e-2 0.398359158960338
4.40246696789881e-4 3.14084263699486e-4 1.99363028097493e-3 3.56978322065161e-3 2.37420742336933e-2 1.94996086102398e-2 0.230955888999873 0.219484683694078
2.35904564650305e-5 8.10121103812478e-7 8.66904688751169e-6 1.11820032649346e-7 1.9547641915863e-5 7.15425574552254e-4 1.4150596662135e-2 0.485081248676908
3.74988996195668e-6 2.26100724033131e-5 2.1282625517803e-4 2.70146499991289e-4 9.02294855586874e-2 4.14857625742476e-2 4.70113476920867e-2 0.320764071457444
2.20951843520339e-4 2.16058296946811e-3 1.54613820824261e-3 3.90751193165683e-3 5.91294589716308e-3 4.95276504463833e-3 2.1341553987876e-4 0.481085688565432
9.51271129570311e-4 3.63183350356918e-3 6.43217884748769e-3 4.65942405497099e-2 1.23092238175975e-2 0.186167724320557 1.40109752836889e-2 0.229902552547819
1.19588637421517e-6 4.0230349062515e-4 6.81762546500018e-4 4.18513291800952e-3 4.92341248058601e-3 0.146324800798232 0.185152948505967 0.158328443373706
2.61344761892819e-4 2.43643498529462e-4 1.10722574599438e-3 9.12848196716966e-4 0.135426861462903 4.679171680809e-2 0.257323826407963 5.79325331179111e-2
9.0868204704452e-3 1.48011681681684e-2 9.12384087069988e-3 1.60229788577297e-3 2.31615526705384e-3 3.26065343408385e-3 5.83413194558015e-2 0.401467744447974
8.70261310852808e-4 8.85675999341346e-4 2.42743929424273e-3 1.77493256173023e-2 7.16638328331253e-3 8.03395933255823e-3 0.254770123028515 0.208096832133875
2.5115274128837e-4 2.39449489809344e-4 8.96312469339035e-4 5.29550661820128e-3 4.45982055349636e-3 7.30467442755771e-2 0.116111148198317 0.299699865653971
5.27912404611505e-4 1.25220489627064e-3 4.54206313051999e-3 4.4892315492992e-3 5.22341627216728e-4 2.62264644349538e-3 7.82784902010477e-2 0.407765109747539
1.90402648352887e-4 6.29968828778403e-4 8.29575963607374e-4 2.07460715116932e-3 3.54859192417478e-4 0.126532599493446 0.188024196108926 0.181363790613303
3.5113013940643e-4 1.70536832154787e-3 2.0332371265455e-4 7.56189497628808e-4 6.09157394915533e-3 7.50500667337264e-3 4.82005266300685e-2 0.435186881076166
4.54717548948236e-4 3.22526420754379e-4 2.8125964426045e-3 8.70834957818193e-3 2.08594840672394e-2 1.06575067921364e-2 1.55910205329576e-2 0.440593798617178
6.7541769040785e-3 1.80201924913308e-4 5.47579256312077e-2 2.7913966128341e-2 2.91668246478996e-2 7.39274003455729e-3 0.1661440802792 0.207690084449803
9.00769828830441e-3 6.6481855520275e-3 9.70386229813757e-3 1.9680868875488e-2 4.2432724797505e-2 1.93935893688022e-5 4.48084549676592e-2 0.367698811631509
2.64195060543661e-3 2.38485812937154e-2 1.18716794870977e-2 5.0529258990644e-3 0.167486702309682 0.184491297459638 8.10070909187895e-2 2.3599772026576e-2
2.04808741247876e-6 6.60436923936881e-6 1.16491174634296e-3 1.05158454769309e-3 1.95919389540366e-3 5.33544069807194e-3 0.113016164423172 0.377464052232664
2.33916167605847e-3 2.94620065141678e-3 9.45717665889885e-3 6.97173277369622e-3 1.92861686786148e-2 6.72818382875915e-2 0.234694280386958 0.157023440886765
1.64983809072211e-5 2.3977483056115e-6 1.418559639682e-4 1.51502160851351e-4 1.55739642293345e-2 2.3716352384933e-2 0.266646144188854 0.193751284942846
7.07607284076133e-5 6.70848482149013e-4 1.29536191817674e-5 7.2555205979655e-3 0.223277623679827 0.190680748553907 2.14091799867468e-2 5.66223643518157e-2
4.09183685208283e-6 1.5714816036813e-5 1.05960668992701e-5 1.84831480419003e-3 8.65385965941547e-3 3.08035100145612e-2 9.84057878655529e-2 0.360258124936492
6.96302353054395e-2 5.29662275044736e-2 6.72065847785871e-3 2.89926339754794e-2 2.7849130425077e-2 3.96320569736037e-2 3.92011641673686e-2 0.235007893170699
3.46026535584795e-3 1.45643677415134e-3 1.20045250494001e-2 1.54620902408051e-2 5.25952773670684e-2 4.87189420915073e-2 2.7719083445314e-2 0.338583379675906
3.86768296095032e-4 1.30473989651304e-5 6.57186649947159e-5 1.83155068426371e-4 4.2526792834823e-4 2.07968707277008e-3 1.88994431765199e-2 0.47794691239388
1.72564584418181e-4 8.31399974522369e-4 5.5599426826566e-4 2.04068522482505e-2 6.32210129240856e-3 6.23807478226947e-2 0.208879873468823 0.200450466340617
2.73236264429e-4 2.84645672970147e-5 9.36929133391182e-5 6.19425775501972e-4 1.58866477089411e-3 2.51424862237307e-2 6.19626765188034e-2 0.410291352966005
1.12595505580625e-2 6.26931126120538e-3 2.15396380510771e-2 3.34522063324347e-3 4.79803632914176e-2 3.03821314724298e-2 4.32244114623657e-2 0.335999373270198
2.21277471558082e-4 4.10701736596372e-4 1.11614437639549e-2 1.72056914340938e-3 2.05420398486614e-2 4.3786555513603e-3 9.84637426125284e-2 0.363101569871931
1.96441962773429e-4 3.58239459841115e-4 9.67181296403064e-5 2.36068236650006e-5 1.80737451911035e-3 3.06868848280927e-3 4.45628692032003e-3 0.48999264370184
1.17019276288091e-4 3.73421597531831e-3 1.53560346855655e-4 1.2688621104753e-2 5.26124410891828e-2 0.111933985336887 0.268147647596506 5.06125092742092e-2
1.18664734218589e-3 2.07696724306979e-3 3.68764519488522e-3 3.21277379493163e-2 1.08196695225986e-2 0.213648583444896 2.69800210108359e-2 0.209472728292212
7.06281351285423e-4 7.36764002664732e-5 3.89723626667992e-3 8.42906394371823e-2 3.56418906832041e-2 8.62546513606999e-2 5.19774430116287e-2 0.237158181489053
3.43437662727901e-5 3.69036189164914e-7 8.40516471417283e-4 5.80164727022393e-4 5.5664424807671e-3 0.191128135058425 0.20974122228747 9.21088061724365e-2
5.05288946672056e-5 1.10844598348536e-5 1.34749467312887e-3 2.34088308383706e-3 3.88704508375679e-3 3.25200751953372e-3 0.286145504320615 0.202965451964627
2.1433985110675e-6 8.15011759955151e-4 1.33331949513497e-2 3.83155071722159e-3 5.15837273379329e-2 6.12545523514921e-2 3.1448216724562e-2 0.337731602758976
7.25672675118555e-3 1.01748581448891e-2 2.61515956873507e-3 6.64070638665068e-3 1.25899593797925e-2 5.59398988648427e-2 3.31595418220152e-2 0.371623149081889
3.62086828198253e-4 9.63727228729687e-6 1.99199802122496e-2 2.12951006648235e-2 8.10913555731058e-3 1.52686422385131e-2 6.48056554723481e-2 0.37022976175427
1.75335436509773e-6 1.69788449551545e-6 2.41623660262509e-5 2.31181480261901e-4 8.72670485138469e-5 1.07912375278777e-3 1.56633095651816e-3 0.497008483157031
2.55733800676884e-4 9.59242383038994e-3 4.77408897453988e-2 2.24805222810837e-2 3.15322145706554e-2 4.17123201774559e-2 8.54900393261961e-2 0.261195856268143
8.5760698492699e-5 6.51979934129882e-5 3.52769345339205e-4 1.0981070610681e-3 1.01102885663331e-3 2.45244056026587e-2 0.177668752883785 0.29519397755861
6.16999072217162e-5 2.67129163878215e-5 1.22796583934634e-5 2.51067987759836e-5 1.5191855939744e-3 1.33292755173077e-3 1.1809106112335e-2 0.485212981461181
2.96311738851205e-5 2.14504383455355e-5 4.49806705885968e-5 3.28618319680793e-4 1.89811636266182e-2 0.102290091031584 1.24720596399826e-2 0.365832005099315
1.33836824490222e-3 7.40745301995634e-3 1.49285934568297e-3 5.09732594472854e-3 1.51120036723707e-3 5.5632237008404e-3 6.5850402824573e-2 0.411739166552079
4.59415998812369e-3 1.82420149205597e-3 1.68758296701966e-2 1.18882702520688e-2 0.117288869653426 0.191523930366105 7.96193631973275e-2 7.63853753806955e-2
6.98419005130304e-3 9.54595408712283e-3 1.97125737549546e-2 8.92436653898034e-2 7.99128176266066e-2 0.149353009662401 2.0614468762527e-2 0.124633320665282
1.10132993375576e-5 2.62523434820861e-4 1.86206464734107e-6 2.93533045409589e-5 7.75543949289636e-3 1.62174882412959e-2 0.291489386397075 0.184232933765386
1.24875078821903e-2 1.24170803132654e-2 1.18469937995068e-2 1.20914768739202e-2 5.86264888519099e-2 0.11388148728454 5.34083806597311e-2 0.225240584334936
5.58560263798203e-5 1.09623019969839e-4 6.83358311168261e-4 2.31912641133814e-4 1.20142477992526e-3 0.288801429280657 7.17340931038869e-2 0.137182302836879
3.96906517249085e-4 4.01156545070728e-3 1.92092037543754e-2 8.72579073175605e-3 6.57456257850518e-3 0.227676387903158 0.230793026033681 2.61255703056817e-3
1.48804558276558e-3 3.26570720262344e-3 1.06709343393601e-3 6.60647468858408e-4 1.36156917304411e-2 2.95351828409824e-2 4.79932261391569e-2 0.402374405601236
1.89058993425107e-4 1.84661442299543e-4 1.43287137245397e-2 3.77730072461427e-2 2.39352412234048e-2 1.07740892438376e-2 0.30535743243027 0.107457795696081
#
4.72623383617163e-4 5.03187521159526e-5 3.3352077086913e-4 2.99373593385252e-3 4.64263522528315e-3 0.165280022737661 4.85530273387331e-3 0.321371840462727
8.1690133520252e-5 4.20777083821013e-5 8.10009653225645e-3 5.10711319115011e-3 2.54809370763536e-2 0.101976002790231 2.75219751742414e-2 0.331690107393866
2.43364551693721e-4 2.58486071599232e-3 1.13649502175915e-2 8.57625071006501e-3 1.10988887076368e-3 0.172934815703867 8.0802279409843e-2 0.222383589820184
8.19571564724255e-3 4.82597671267205e-4 7.64661068414401e-3 8.59295247168415e-3 2.48201920861842e-2 9.89884255401422e-2 0.149857392624504 0.201416113274831
8.04366010943596e-5 1.0182734785632e-4 4.68866802800802e-4 1.10180339241461e-2 6.21542502101671e-3 5.25325889246928e-2 9.5897527662161e-2 0.333685293716232
4.90641448257748e-3 9.996013861942e-4 1.26036132178241e-3 2.27468382807471e-3 1.46583547671955e-2 3.73716191820425e-2 5.04115972168522e-2 0.388117367815281
2.43526072897954e-3 1.77668787492275e-3 7.43787359377031e-4 1.45997407307065e-4 4.56767146876894e-3 0.111325843769997 6.98779203540616e-2 0.309126831036586
4.04249000966081e-7 2.20678914336879e-6 1.43060901898864e-5 1.29335801409883e-5 1.54576820138726e-5 9.10381888934068e-5 1.97952983548457e-3 0.497884123585133
7.55196146312133e-3 9.5748568302255e-3 2.19858179426425e-3 1.23031873035737e-2 4.3673459471265e-2 5.78278898644978e-2 6.59433191263483e-2 0.300926744146704
9.83414374413507e-4 1.59568026567418e-4 1.34995919659956e-3 1.93417866160342e-3 4.89368065026683e-2 1.96850997389264e-2 0.408192008998478 1.87589645007434e-2
3.25916676971708e-5 5.89180389911264e-5 2.42504269431262e-5 1.64193485314351e-4 1.20330468741345e-3 9.06128982021552e-4 0.14274867508309 0.354861937628529
3.65283557940459e-4 2.59291518562648e-3 1.4971449259419e-3 1.13447751496093e-2 8.11078969441753e-2 0.157561859710499 2.04944146268066e-2 0.225035709899401
4.47115228399643e-4 6.2498193824719e-5 8.46231721768578e-3 1.52702002678961e-2 1.17035833041542e-3 3.78336540150233e-3 6.30726940762607e-2 0.407731451284015
2.15993590241531e-3 1.86807225340293e-2 3.20255288419349e-3 1.08601098152579e-2 0.146720436747672 0.134923400718757 4.62749916796878e-2 0.137177849717987
2.17984681233941e-5 6.01048469623717e-5 2.77808539054488e-4 3.34409693360411e-5 2.84726821841465e-3 1.29534671639891e-2 1.96426135563148e-2 0.464163498237805
2.22559553040839e-3 1.66467806605714e-2 2.43476102320692e-2 4.09778747187688e-2 0.121308390852604 5.49437895193756e-2 0.132399193766084 0.107150764720119
9.51105341847777e-3 7.0336382675944e-3 4.33645550531368e-2 3.0864666700785e-2 2.66469354854533e-2 6.55170072875197e-2 2.94371002329762e-2 0.287625043554057
9.12145114097926e-3 7.56706627713809e-3 1.66023586570612e-2 4.47526619818979e-2 9.87922603081782e-3 0.298359628397494 4.1237237423114e-2 7.2480370091498e-2
5.40361903779591e-3 1.9176937458271e-2 3.87723460441691e-3 1.59245337790268e-2 7.65969666388816e-2 3.18717286429601e-2 0.24389903713955 0.103249942699098
4.92631816397287e-4 1.30268648593564e-4 1.03544359215357e-2 5.4463594211643e-2 2.84255006016279e-2 0.234091411536109 0.111293143560428 6.07490137036653e-2
7.79213882970794e-3 3.06094289395984e-4 2.71511035809313e-2 2.06998914345734e-2 7.13065908892035e-2 0.194614276995192 0.147943722777447 3.01861812035489e-2
8.5251806629545e-8 4.06231803000985e-8 3.90256146502855e-8 2.00427723442859e-7 1.28222021261077e-6 6.81235771016374e-2 0.208968182012679 0.222906593337146
1.64477916640978e-4 1.0029501705224e-2 2.68294003937368e-2 1.15538109822115e-3 8.28201757032601e-2 0.318035807581924 4.70985018114583e-2 1.38667537895342e-2
4.01535480916077e-6 7.74693138416689e-6 2.48183003937464e-5 1.42706945967233e-3 5.35281488216307e-3 0.182689638353746 4.33849879718547e-2 0.267108908745977
6.48439428367148e-4 7.12012150926693e-5 2.71677535967649e-3 5.39562994731802e-3 6.42772195347099e-3 6.9313877208407e-3 2.60197237198253e-2 0.451789120655409
1.927977291807e-3 1.9348918118024e-3 1.69571141976903e-2 2.47030205430068e-3 1.41563588440777e-2 9.00542808795444e-2 0.149344226608212 0.223154848312566
1.95137640776637e-2 3.92714913145778e-3 8.25883622259735e-5 9.89566164706355e-2 7.1426554528467e-3 3.25882311093345e-2 0.293707917464349 4.40810779314866e-2
5.60774757797658e-5 2.27343709485859e-5 9.49685306777488e-5 1.17338739484253e-2 1.30759994475847e-2 3.69701743794769e-2 0.156375214145048 0.281670957702059
1.76986786341688e-6 1.16117858518211e-5 1.88576826377713e-3 1.29269749419189e-3 1.432917566159e-2 2.31276639904858e-2 3.576980824318e-2 0.42358150469306
2.81626332176289e-3 4.55382915712808e-4 1.03055005153672e-2 2.02050158843409e-3 6.88037291620146e-3 9.03843076054518e-2 0.113641134704539 0.273496536432531
1.985906044158e-4 4.44817419933401e-5 2.62226951714796e-3 1.13997686261397e-3 4.35081800113001e-2 2.44041613615189e-2 0.165638820581396 0.262443519319614
2.01861160816131e-6 9.64902432513133e-8 2.46851982447836e-6 1.08192857846819e-4 1.62620228352547e-3 0.139053899432408 5.29454089767026e-2 0.306261712827842
1.32862413849655e-4 1.73813762192901e-5 2.28938025151622e-4 1.29071025667803e-3 6.34387042319436e-2 3.98728217790687e-3 4.55780298910218e-3 0.426346318529149
3.74237113820516e-6 8.08528452044204e-5 1.56534199976464e-3 2.50106609954004e-3 4.20268048251389e-2 2.99070124001866e-2 5.37844759678076e-2 0.37013070349122
1.68821651552124e-3 4.1621804715597e-4 9.53909963165562e-3 1.15756948085167e-3 1.42944290173972e-3 9.82724506298733e-2 0.251726509542969 0.135770493250233
1.58592053839027e-2 5.32938255487628e-2 1.69315180700405e-2 6.79662871279969e-3 3.60572466565675e-2 1.39783760302545e-2 1.53818443742674e-2 0.341701355223405
1.13814261153829e-3 2.04901034452139e-4 3.9220622800667e-3 1.5293028157702e-3 1.28940571335962e-2 2.01949788761835e-2 0.34969191810097 0.110424637147423
5.72613018040735e-6 6.08796489008282e-5 1.05241506802689e-5 1.10730015855489e-4 1.33958288195157e-4 8.08652591613544e-2 7.32249030933629e-2 0.345588019511471
1.29968051755208e-3 1.39407623946489e-3 7.08604486384741e-3 2.30789319210499e-4 1.56390401887261e-2 4.86005992531989e-3 0.288471939356404 0.181018369589475
4.79742972119009e-4 4.30377514113793e-3 2.30262716468517e-3 8.41022617594487e-4 2.28217537755454e-2 7.71043033540991e-2 0.16320286977357 0.228943905201249
3.16672896026838e-4 1.55343435484944e-2 3.10574378207639e-2 2.1220550420971e-2 2.56980151689775e-4 0.150846503813987 0.151063018189707 0.129704493158359
8.18026129762553e-4 4.38361832303413e-3 1.44329855227372e-3 4.40299373043034e-3 0.102574204187015 9.96221755896671e-3 0.161181866096898 0.21523377542162
1.32474606245437e-4 4.79705722315053e-5 4.03602529790127e-4 7.2428089820606e-3 4.72075722527329e-4 3.38056157246646e-2 2.91532720157438e-2 0.428742179846737
1.31236682553657e-3 4.89485063600355e-5 7.42666825772962e-5 6.31840716066051e-4 2.37708381888285e-3 7.610371756125e-3 0.338373676552733 0.149571445141719
1.63181648964245e-6 1.15094563561342e-7 7.10260012298818e-6 1.66176233959141e-5 1.15716307920654e-5 6.09100388436684e-3 9.55295687155396e-2 0.398342388634729
6.74243042393637e-3 3.1635262153541e-3 3.63581864916968e-2 9.03668958684435e-3 8.13035588443154e-3 4.35093163188608e-2 0.376994208366125 1.60652867127514e-2
3.41108950824016e-3 8.98507431132606e-3 6.9672707522879e-3 1.94679048384324e-3 2.35685512394725e-4 1.00015103797971e-2 0.421806269246707 4.66463098054036e-2
3.12176945930541e-3 1.1970963730604e-2 3.73763334752439e-4 1.01518536535622e-2 0.130042492420948 6.74329686691748e-2 7.23569307548728e-3 0.269670495656166
7.74438750907871e-5 1.35395675707196e-4 8.24598531190849e-3 9.11409199208754e-3 4.93359711435105e-5 0.386366832012042 2.86381478759379e-2 6.73727672860831e-2
2.20937545010426e-4 1.59685881475618e-3 1.07268409679293e-3 6.94945877322725e-3 2.28348267881613e-2 0.184556577149948 3.0950791650474e-2 0.25181786518163
1.86858537103194e-6 1.99417412506567e-6 1.70943160753373e-7 1.80669120948679e-4 1.78221627446133e-3 5.12678185036235e-2 0.295772006895303 0.150993255503007
1.80829429192801e-4 2.06526601164595e-4 1.36164600684879e-4 1.72692424419941e-3 1.34628039972244e-3 2.29124637502702e-2 6.6999717913604e-2 0.406491093061162
2.6377331719779e-4 2.2066819590005e-4 1.26421514546037e-4 1.26254306096118e-4 7.04016130551748e-3 1.16813198581607e-2 2.12610859208827e-3 0.478415292910494
8.01796907126978e-6 3.59625732339764e-4 5.68907581886158e-4 6.36824469677098e-4 5.41464409627813e-4 1.59508685263718e-2 0.465650231803122 1.62840595079046e-2
5.78469463150987e-4 1.03494977741896e-2 4.55184376321345e-3 1.35218040347618e-3 0.17679911948809 7.16950536128686e-2 0.178981349935423 5.56924855595885e-2
9.48207303149154e-4 8.936937103187e-4 2.25206347471768e-5 5.13150106021031e-2 6.80768162232182e-3 2.6596507086078e-2 0.216825010073339 0.196591368967943
2.47216699058563e-2 2.07087755978901e-4 7.96949932367761e-2 4.95294204700483e-3 3.89971954081778e-2 7.99819905318122e-3 3.32588282181532e-2 0.310169084374872
3.22260248769209e-2 1.58684435749289e-2 0.112534416698788 4.16542926438348e-2 1.95148969236065e-2 6.41211123375439e-2 1.763690330654e-2 0.196443909637837
2.45243760260424e-2 7.06643851929614e-4 1.09401620716494e-2 4.05812134278086e-3 1.24702017275248e-2 8.12973365080731e-2 0.23899914524889 0.12700401322311
4.35593157430176e-4 1.18814555304306e-4 2.38200472042228e-3 6.13529833690025e-3 2.96520623617632e-2 3.18686899861617e-2 7.29338096453642e-3 0.422114155917482
#
7.14762606505724e-3 1.19781607957293e-4 6.76704791616213e-3 5.52426084430679e-4 2.25898477684318e-3 8.17640234808039e-2 0.157808851496302 0.243581258572443
1.99251412155632e-3 7.42236255569901e-3 4.27821408967654e-2 1.92759624553679e-2 9.1902381293154e-2 4.19725940459953e-3 0.212052168331845 0.120375210941013
9.29351511655978e-4 2.24333143591623e-4 4.41137062471591e-4 2.03802490520487e-3 8.04784625090989e-3 2.558586932908e-2 7.78737970009482e-2 0.384859640796138
2.522774653549e-3 2.98736771434274e-3 8.61116970304415e-3 1.10987745131718e-2 3.09593552815897e-2 5.65037968597426e-2 0.172969168852591 0.214347592421969
1.09557888675221e-2 1.69890302953978e-2 3.54209503418829e-3 6.36990715219826e-2 9.84986522039922e-2 1.70066125573283e-2 0.14828826658224 0.141020482937349
1.41270938128985e-2 1.34137740927315e-2 1.12677331140282e-3 4.4772861417974e-2 7.29622109740607e-2 0.19350293102669 5.80924545320728e-2 0.10200190083217
1.38793123514246e-3 1.0407991264672e-2 5.65389074672935e-3 3.08432656140794e-2 6.87244158372788e-2 3.87615242206849e-2 6.63491119132285e-2 0.277871869168185
2.02489905593428e-2 4.83816662023885e-2 5.7081446049291e-2 2.6729771519335e-2 3.66522204739877e-3 0.246059845979894 1.78579564396356e-2 7.99751012027148e-2
3.03102078723189e-4 5.84593241087258e-4 5.14171880757899e-4 6.10028937811523e-4 8.39655611457285e-4 3.57188517566347e-4 0.11735887307005 0.379432386662547
2.20133654552031e-6 2.1148674440693e-6 2.89923233556824e-6 4.06060524910463e-6 5.25426221324608e-5 1.37969021451468e-4 0.470684818791524 2.91133935233175e-2
3.08245698083171e-2 4.92425104359119e-3 6.80470479907556e-2 3.97156083507793e-2 5.32054367074957e-2 3.6314506125039e-2 3.59850413133433e-2 0.230983538660679
1.68362000734998e-3 1.74030071909494e-4 5.81053150583166e-4 2.12251463675362e-2 3.20822998456718e-4 0.353544282811619 0.108945212374648 1.35258322178972e-2
2.07854643759283e-3 2.70426277301274e-3 1.31808714663354e-3 1.02744065684573e-2 2.78347140650148e-2 7.67641212015301e-3 5.24514331648339e-2 0.395662137724302
8.61099108771177e-3 2.64305966002794e-4 2.09031556382779e-3 5.14817338506827e-3 2.07935338338235e-2 2.23442380216229e-2 0.412556122687228 2.81923194547148e-2
8.97229676139395e-5 8.57990156776382e-4 1.18197876083551e-2 3.19839531818229e-3 1.02212165846135e-4 0.389710310513751 1.35440314115137e-2 8.06775498579617e-2
5.28215787352691e-4 1.41995210642457e-3 6.42386981551819e-3 5.07250473340195e-3 3.93556214941462e-3 1.50842394615052e-2 4.45503883896515e-2 0.422985267556731
5.54261857736846e-4 3.13285164083914e-3 1.33788435852685e-2 2.8307457166876e-3 3.89958929108395e-3 3.30155263336792e-2 3.22970612941506e-2 0.410891120280554
1.54861633423911e-3 5.8872962422531e-3 2.84673333107205e-2 1.49799497873071e-2 0.200393248531229 7.60595866139202e-3 2.39163969506819e-2 0.217201200182178
2.47000886779316e-4 2.16987175850499e-3 1.23679657885365e-2 1.98417157683485e-3 3.96942719409522e-2 8.00795372636824e-3 0.182697930076328 0.252830834245696
1.0240463682418e-4 3.09848422498989e-5 1.04092178349697e-3 1.36336495146794e-3 4.93084898194774e-2 4.94088679853136e-2 5.84578275804369e-2 0.340287138400733
5.55772373062012e-3 1.73128260227108e-3 1.38098414212772e-2 3.59864920961702e-2 6.59200387269604e-2 5.83872144155527e-2 0.204664984515677 0.113942422491471
7.97935494047208e-5 3.54882554081257e-3 4.23852528749212e-4 2.59676038867891e-3 4.48259161444403e-3 3.87636652804279e-3 2.5315570461955e-2 0.459676239387913
4.08820684191243e-4 5.08608706017505e-4 6.52134184301514e-5 4.7946173137915e-2 2.29472768048054e-2 6.21581397527804e-2 5.00971944846717e-4 0.365464795551014
5.04208187246874e-5 7.66079308618394e-5 1.8455314728304e-3 2.52604977556677e-3 1.21007428995345e-2 3.76887587548123e-3 8.51854099318452e-2 0.394446361295155
1.53480674153052e-3 5.37821457353076e-4 1.25463571852748e-3 4.7455063097564e-3 8.88800911655728e-3 1.45046327147377e-2 0.121165525065503 0.347369062876035
1.05095295130953e-4 2.34996911241763e-3 2.99933873359688e-3 8.9659602496338e-3 1.95721042201402e-3 3.32013640499688e-2 8.1908310198224e-2 0.368512751939014
3.43539538681013e-5 9.88118873973794e-5 3.43749771710667e-3 2.12007314409985e-2 1.55848675185148e-3 0.347486747659123 4.11422308095574e-2 8.50411397800973e-2
1.09488214963743e-4 6.28906877336181e-5 9.53685780778895e-4 2.2917093644453e-2 0.113827547342442 1.51493086157956e-2 0.145791570098392 0.201188415615441
4.44862080316624e-6 9.11130579424748e-6 1.41941168165715e-4 4.78381030280445e-5 3.68911996450359e-4 1.19337923833276e-2 6.5047849395843e-4 0.486843477928472
1.45770854188338e-4 3.52071918610773e-4 1.05201103961717e-3 2.56406486493051e-3 1.852398966777e-2 2.76625608150441e-2 6.80066693989909e-3 0.44289886389994
6.76025449562765e-3 3.69879425999442e-3 9.75146278038177e-3 1.74270658636263e-2 2.31942646290304e-2 7.7661061092593e-2 0.328952742810597 3.255435406815e-2
1.41664415006753e-6 1.08993459122188e-3 1.60472200886865e-3 7.52296762992919e-4 2.2019058361804e-2 7.66046334953946e-2 0.145668641187357 0.252259296948211
6.94277729412372e-3 2.15368063019039e-3 2.25547435796297e-3 2.34213581736477e-3 1.24487217620509e-2 3.42764646038752e-4 0.242785200269755 0.230729245222513
2.01711912910748e-6 1.82078341281988e-6 1.41175316150526e-5 7.22111159988271e-5 1.10012984078734e-5 6.06106368285425e-3 0.338999342357857 0.154838426110725
4.73740383780235e-4 7.09983805888851e-4 2.87423924774835e-3 5.39830790931159e-3 9.11966575348136e-3 8.98952142858904e-2 0.109840415109381 0.281688433504518
6.5844396005562e-3 2.07699384861315e-4 1.6695696086005e-2 3.06091658237672e-2 6.42118094755503e-2 3.42234594849837e-2 0.1257414414877 0.221726288656577
2.28426808072815e-3 2.53239838672083e-3 5.18128253748245e-4 5.69489225432519e-3 2.21570756980898e-3 1.243614633534e-2 5.13559610025735e-2 0.422962498116755
1.84791033134787e-2 5.34965186605753e-3 1.34122773293018e-3 2.79046927158333e-4 1.05616769781614e-2 0.174829589363099 0.210376978168865 7.87827256502503e-2
1.52052987924585e-4 1.17106276492549e-4 5.08844814495489e-4 9.43112868814702e-4 1.57818867533775e-3 1.89705618929938e-2 3.99731682745647e-2 0.437756964209376
7.95237478557527e-3 1.82282051924761e-2 1.16515397960186e-2 5.2574562505532e-3 1.26134246562784e-4 0.111597951137075 3.56433048514684e-2 0.30954303374027
3.20907305237422e-4 7.98322189459031e-4 3.6107894848756e-3 8.00758926978857e-3 1.47044805250803e-3 6.83061405389646e-2 0.190580670409627 0.226905132749539
5.43997056613575e-4 9.27778266762929e-4 2.6023008567202e-3 6.54074009314185e-3 0.102918140066772 0.163075836138762 0.204365712469344 1.90254950518838e-2
1.39362577663017e-5 4.09187733593728e-7 2.26248557812105e-5 1.72151607009729e-4 1.34687459737245e-4 2.66058372168507e-2 0.361193327013281 0.111857026401841
6.82580405216211e-3 1.09954328623401e-2 4.03827012288531e-2 1.30774207744768e-2 7.68529646115651e-2 4.92079554767646e-2 0.219580867882882 8.30768531109564e-2
2.52529847076099e-2 2.53337198891178e-2 2.11118211990936e-2 3.65905832336426e-2 2.06700263757874e-2 2.52329139894817e-2 0.171201209117936 0.174606741487331
6.09374682350286e-3 1.30090937466589e-2 7.64949095450391e-3 1.5576609904219e-2 8.58122542498602e-2 4.92043424153149e-2 9.34729688652158e-2 0.229181493040724
3.72928930507004e-6 7.68082504419086e-5 1.53259091993929e-4 8.33901566369319e-4 1.36767366374542e-2 3.12475206759807e-3 0.43030095345833 5.18298596385074e-2
1.37331571858248e-3 3.55886545052112e-4 1.1952110899144e-2 1.77705444546907e-2 4.72711082915949e-2 8.69204968409913e-2 0.190765429848138 0.143591107401806
4.31554271655745e-4 1.59294716925106e-3 3.21980645703958e-3 5.9851877929325e-3 0.172906656016181 8.48692729037132e-2 7.57734329764946e-2 0.155221142412732
9.45796979854484e-4 3.426827049502e-5 2.80195748513442e-4 1.62368257941105e-3 9.60599512222825e-3 7.21191469774889e-2 0.170751009736975 0.244639904585034
2.12528153995872e-3 6.49633227936187e-3 1.21058400767588e-2 2.46507975204105e-2 0.129654549584684 2.14007649365968e-2 1.90141886875139e-3 0.301665015193478
6.11796332506005e-5 1.12275163035433e-4 1.20342415755555e-4 7.98981039929088e-5 2.98796250348925e-4 3.2381694233562e-3 1.69675981125519e-2 0.479121740897708
3.36963382024034e-6 6.25620207996638e-6 2.88091870401211e-6 1.54140276086772e-4 1.6003806025321e-2 2.86483556838158e-2 4.19548277621838e-3 0.450985708483954
4.74252878283929e-3 5.18161691119872e-3 9.33096960160062e-3 7.27403366375217e-3 5.32271901887633e-2 6.18995505660897e-2 0.170838410737116 0.18750569954864
5.29936244381935e-3 7.73166184310795e-3 1.27282527409592e-2 7.70672931125546e-3 9.85277216290616e-2 0.158481476220888 1.39627981273939e-2 0.195561997683515
1.19748817453522e-4 8.80136520285571e-4 1.47781479640135e-2 7.94566916224523e-3 4.33105364351683e-2 7.17177061663866e-2 0.325967420268921 3.52806346655267e-2
8.15430726986072e-3 2.4418236747066e-2 3.11483865743839e-2 2.46211893951157e-2 4.30858298800916e-2 5.51307650478707e-3 0.14059640858547 0.222462565043225
9.69538141118128e-5 2.73011769094365e-4 2.06884324109062e-4 1.0157159350424e-4 3.26693270851495e-3 1.06289676574639e-2 0.180733882498774 0.304691795634428
3.01117815447133e-3 2.99325248296495e-4 8.15808341561697e-4 7.66827858214476e-3 1.06761318662377e-3 0.111366295577232 0.308176638800808 6.75948621088615e-2
4.28815733262384e-3 4.32958912859388e-3 6.84256233925886e-3 3.88108127076737e-3 4.6468135125264e-2 1.33257767371553e-2 0.385867732848468 3.49969652178683e-2
#
6.08011687701302e-3 3.21338341181446e-2 4.2735771527922e-2 2.67114715536311e-2 1.44805900405962e-2 0.267765857318559 3.16124417389517e-2 7.84799168251827e-2
1.31650045873795e-2 4.37430339906292e-3 1.45746335080426e-2 3.56853691230516e-2 4.51618398732164e-2 2.47159700079821e-2 1.972639755469e-2 0.342596481946575
3.56582116304775e-3 3.1400898608314e-2 8.59692360699191e-4 2.41687896855241e-3 5.09135860667284e-2 4.04622422503091e-2 6.43223909551171e-2 0.306058489627232
3.46206681177265e-3 1.15861291809316e-4 2.20332568832733e-3 0.198449790162265 0.151081182482079 8.94683118333666e-2 3.59502204684932e-2 1.9269241261887e-2
4.09285204847766e-3 1.70568431527503e-4 1.98117604146461e-5 3.72781884190469e-4 1.34106571412708e-3 1.63479439161262e-2 3.21075510823687e-2 0.445547425162768
1.12595505580625e-2 6.26931126120538e-3 2.15396380510771e-2 3.34522063324347e-3 4.79803632914176e-2 3.03821314724298e-2 4.32244114623657e-2 0.335999373270198
2.15789210893393e-6 9.83269203952432e-7 2.73117712378311e-7 6.67788703898206e-6 2.08340314656028e-3 7.94905863330365e-2 0.155475722377145 0.262940195977194
2.15470989743293e-3 9.51664531441704e-3 1.2354663819862e-3 5.82845657629204e-2 3.92713837508393e-2 1.93570116841066e-2 0.268989733032285 0.101190484176013
1.28539815806501e-3 1.60509044199803e-3 8.24906202841253e-4 3.20573024647299e-4 9.17173537314166e-4 1.26826334862655e-2 8.45790842965249e-2 0.397785140852344
5.87129237841257e-3 1.6379748196444e-3 9.59458595076125e-4 3.10426759400077e-4 7.70245889847956e-3 0.119957297461852 9.81961949231552e-2 0.26536489616398
3.00542303379652e-4 4.20275607915412e-4 1.15047009305859e-3 1.85378836086014e-3 5.39854891771558e-2 2.03613576099573e-3 0.163895487623627 0.276357811073008
2.13625717524858e-2 1.05987300459342e-2 2.82771583833085e-2 8.66651722796363e-2 0.124448285837459 1.5698401481554e-2 0.162773902326958 5.0175777892664e-2
4.03963211563441e-3 1.36044464102349e-3 1.5041655339941e-2 4.89618651274356e-3 3.7928769553143e-4 0.115105125356021 6.45939150465493e-3 0.35271827683445
1.80330889104428e-6 1.85806037717214e-6 4.08862091591884e-5 7.70445179623471e-5 1.01823692494848e-4 9.2868081248641e-2 1.74149681763086e-3 0.405167006144844
9.04581036438794e-4 4.77896672419746e-4 6.37426578297094e-3 1.79168215526244e-2 7.56409245516358e-3 4.99677155160128e-2 7.62721200858573e-2 0.340522506898512
1.22073232277286e-3 6.46699747876942e-2 7.07225296549505e-2 2.83163001058251e-2 0.122127308185367 4.77992845611731e-2 0.107840181400971 5.7303688981246e-2
9.22848908121477e-4 1.46847684176823e-3 5.0343808703826e-3 1.23213589352617e-3 6.44679035170281e-4 3.41168286712792e-4 2.11659648000727e-2 0.469190345364246
8.17971029286914e-3 1.2492498688434e-2 1.65232267071428e-3 5.72860880100633e-3 7.70479467891388e-3 9.3186223907959e-2 0.216369116120983 0.15468672483912
1.86299225428349e-2 1.52574059305593e-2 1.38318050165679e-2 3.1351112080288e-2 6.93509063165274e-3 0.132573314594698 0.18754446996307 9.38768792403288e-2
2.05615133822825e-4 6.16318279547084e-5 1.35672315107084e-3 9.74724028451485e-4 1.22364818135886e-2 2.20402255839473e-2 6.20294950347492e-2 0.401095103426415
2.60861450032538e-4 1.19452206864053e-4 5.72454752368653e-5 1.41925427484207e-3 4.86909230715155e-4 2.53787890762639e-3 1.46101113023361e-3 0.493657387324449
3.2089500530736e-4 5.10082888306485e-5 9.84517820887486e-4 1.45006386859794e-3 1.02529056765554e-3 3.64054836961711e-3 0.230871589065371 0.261656087013733
3.39637414017135e-2 2.26197566522194e-4 1.37980469014675e-3 2.45170697862189e-3 9.02570047403599e-3 3.16839366365222e-2 6.58321725751364e-2 0.355436739677301
2.69883043513791e-5 3.87073567103308e-5 9.93935550856061e-5 5.4823845044245e-3 3.43549439162317e-3 1.8840119679532e-2 0.289863796384719 0.182213115823554
2.23247247307095e-3 1.63421791146014e-3 2.49147372758168e-3 1.31483629696178e-3 9.02515898695506e-3 1.46579151334111e-3 0.247622229487094 0.234213819603535
1.35142264651387e-4 1.24469307105715e-5 1.08932417773404e-4 2.9238196403605e-3 3.82195500354513e-2 0.203163925552566 0.166408866807518 8.90273163509682e-2
8.70626634244115e-4 2.02201921737791e-3 3.42754187353491e-4 2.34866228925504e-3 7.80051951044773e-4 2.15314628627192e-4 4.33335710224398e-3 0.489087213989854
5.68381859286259e-5 4.10819156228204e-3 1.93445741336957e-2 4.43054193711187e-2 3.30620397266268e-2 7.0278348193143e-2 0.211710751113748 0.117133837713457
2.16321704709261e-4 1.09866041878859e-3 1.33075595911741e-3 5.33499301848282e-2 1.39913222636102e-2 0.136681805035369 8.73316418208433e-2 0.205999562612735
2.60924572137771e-3 4.30831960022909e-4 2.77294198337672e-4 2.90521574683361e-3 5.5003871753643e-3 0.362649932113692 6.08451771920918e-2 6.47819158922797e-2
7.47273185625712e-3 2.4012914394263e-5 2.74128885621572e-3 3.84907758773458e-2 5.8600551014691e-2 4.13830732059557e-2 0.166527764469767 0.184759801805373
2.74052981200165e-4 1.26992693646939e-3 5.08635365257741e-4 6.45329146895854e-4 3.85852868489451e-3 3.54006646084184e-2 6.46912511109047e-2 0.393351611165959
4.84312343049364e-5 1.25593292446148e-4 1.88609807103958e-4 3.87619274123404e-4 1.11075518666723e-3 0.119327614658007 5.48967539742049e-2 0.323914622573142
2.26046326598541e-3 4.43481067047217e-3 9.20607900321522e-3 4.12805762124794e-3 1.98189680473672e-2 1.64580032269142e-2 5.32057261282444e-2 0.390487892036553
1.18898324874156e-3 2.39323973633617e-3 6.28393432057309e-3 1.95603241161255e-2 2.4126950312276e-3 3.86959874403529e-3 0.216456251650311 0.24783497315265
1.29685825785642e-3 1.20517412321469e-3 1.77298944856343e-3 3.6190801599707e-3 2.37674205593557e-2 1.41410707765573e-2 0.116364050172093 0.337833356502388
5.46671268551822e-6 1.86701055923682e-6 1.68587183145041e-5 9.37785485996959e-5 5.24018968001787e-5 4.14151276038913e-4 0.254487649851094 0.244927825985908
7.44069658876359e-4 4.21490786882614e-3 1.24965012049249e-4 1.14417696455541e-3 3.44380842880592e-2 8.5402361262234e-3 0.337066541791338 0.113727018290072
7.88212443633398e-6 1.12511721516553e-6 2.8505917693232e-4 3.12509808583445e-2 4.11392542311537e-2 8.24826454061608e-2 5.72515844851723e-2 0.287581468600585
9.03419888658445e-5 2.93110768422793e-6 3.9627048681433e-4 5.21476296960673e-4 5.66028280338326e-3 2.02983979259944e-3 3.28421377831856e-2 0.458456719740507
1.51882779601919e-4 3.52286216297402e-5 1.15682140426978e-4 1.65391439041173e-3 5.33520980223689e-3 7.3364548707929e-3 3.73242840104033e-2 0.448047343384497
9.41536491431495e-4 2.42178458899475e-3 1.04283012694986e-3 1.45303567261178e-2 0.236474981288837 6.36593103012577e-2 5.0490855862558e-2 0.130438344613853
6.49008902073723e-3 9.46496275745628e-4 2.35222460764016e-3 1.96236581562804e-2 9.1342175579925e-3 0.152770379782081 4.22208207671839e-2 0.266462113832339
2.85885702322331e-5 2.05349437557164e-5 1.10554181909307e-3 2.97327480114373e-3 3.21456909910078e-3 1.28460307420257e-2 0.295226866072674 0.184584593951974
3.258966041191e-4 2.1053317287385e-3 4.29486793934719e-3 5.85688991920446e-2 2.67039947551103e-2 7.08945294945813e-2 0.158683276209386 0.178423204076673
1.58964411534968e-3 3.36806439618197e-4 9.62176061137969e-3 1.1044417893392e-3 3.05263459539204e-2 0.121554145790249 0.313878897089536 2.1387958210608e-2
3.68489794242205e-3 1.07833139656969e-2 2.81826087624242e-2 1.91794737062832e-3 3.39885505324881e-3 0.209365300711824 0.233620391937445 9.04668425631089e-3
1.91586505350878e-3 1.64847624285433e-2 2.23938294521863e-2 2.53536009299059e-3 6.86912601166327e-2 1.02299446337914e-2 0.264029129486288 0.113719848736059
1.88038268474538e-2 1.93096645413887e-3 1.07802339798493e-2 3.02196948777104e-2 1.23465266138554e-2 9.10941891496921e-2 0.183063577794471 0.151760984282829
1.650458139687e-2 1.13093825542786e-3 3.08360042555479e-3 1.08678507134741e-2 1.31601228545802e-2 9.13387014821639e-5 0.164240109473982 0.290921458178629
2.73236264429e-4 2.84645672970147e-5 9.36929133391182e-5 6.19425775501972e-4 1.58866477089411e-3 2.51424862237307e-2 6.19626765188034e-2 0.410291352966005
8.94995031488524e-7 1.20405455074934e-4 6.67719513003515e-4 3.56503031542673e-3 2.71761813323586e-3 6.89239097707682e-3 0.340459466752209 0.145576473858942
2.86931437021452e-3 2.68963179968438e-3 5.46663054388609e-3 6.62990605688553e-2 3.72268146317689e-2 2.87005012976799e-2 9.94434048709167e-3 0.346803706300819
4.29788383534644e-4 3.71031095676824e-4 1.30212899417287e-3 4.3483385432187e-4 2.37578631524864e-2 4.65159739453038e-2 0.164236411515807 0.262951969058696
2.01861160816131e-6 9.64902432513133e-8 2.46851982447836e-6 1.08192857846819e-4 1.62620228352547e-3 0.139053899432408 5.29454089767026e-2 0.306261712827842
2.0766855637266e-4 1.14251469721597e-4 1.99307112378805e-3 2.17971331042274e-3 6.42474645744854e-5 4.90427272480045e-3 0.221841853130035 0.268694922220285
6.65972685273368e-4 3.62023419039483e-3 3.36415868449668e-3 2.3896187951088e-3 2.58673288893217e-2 2.1003153478022e-2 0.156754272303914 0.286335260973468
1.12866174506892e-2 2.32314839864442e-2 2.53273449782815e-4 3.15337048480824e-3 5.68519224133099e-2 0.219125075824554 3.76679584715931e-2 0.148430297918818
9.25902799902283e-3 1.14330593416219e-2 3.81148482265723e-3 1.61370698225807e-2 4.29903873032578e-2 6.65227854054962e-2 1.64714324870476e-2 0.333374752818316
2.62148742769989e-3 1.43342648094529e-3 1.5076980743583e-3 9.89792706024177e-3 0.209619086774488 0.158554813274966 7.89802913560487e-2 3.73852695512517e-2
#
1.8554048741407e-4 4.3897074189972e-5 3.04865127608566e-3 1.66380431592928e-3 1.96595197741543e-2 0.18053024192728 0.21509873398199 7.97696111629576e-2
2.38636175923892e-7 5.28808958302147e-5 2.67411207556453e-5 3.90822405372814e-6 1.75042750299529e-3 2.63070427760624e-3 2.1525769749982e-3 0.493382522367585
4.55556232179184e-2 6.74904867273468e-4 8.43386469661145e-3 1.42002244351265e-2 1.94933634673941e-3 0.125034760193131 2.40016332572747e-2 0.280149652985926
9.55443516886511e-3 2.82512007346267e-3 1.97242716074285e-5 2.58567732941081e-2 3.91437644696616e-2 0.106325738685773 0.164650779774924 0.151623664261598
2.22035279097105e-4 7.04598607678029e-5 3.57934692424682e-5 3.02651686849708e-3 4.83983955620665e-3 9.67897885244737e-3 0.16705882021165 0.315067555902092
1.88069398191768e-3 6.41769360041328e-3 1.27585343964771e-3 2.31229033094311e-2 3.36249405383725e-2 5.42887321153385e-2 2.99988686587392e-2 0.34939031435614
1.23090216214994e-2 6.72481592839656e-3 2.96338014514958e-2 6.65800525197011e-2 1.07920667146089e-2 3.18726003320319e-2 0.12702856932004 0.215059072112226
8.66333574810589e-3 1.43825359565224e-3 6.99300115623293e-3 1.70283770268909e-2 4.13043706387789e-2 1.70134113918547e-2 0.166994692373931 0.240564558068553
7.98457835771974e-6 2.8984179741615e-5 2.66022854892959e-5 1.90605063257627e-4 3.74951807297509e-4 5.82914912909172e-3 4.00471227252406e-2 0.453494600231524
8.24509205725561e-4 2.76297109105632e-3 4.49952755682922e-3 1.0517722975729e-2 6.74017143744175e-3 0.165724817782027 3.72787284644288e-2 0.271651551486762
2.28507778074742e-4 1.50857776145339e-3 6.65694390215516e-3 3.62303002655129e-2 1.51055749470218e-2 2.29862754300954e-2 1.34002905991068e-2 0.40388352931658
7.91591060130043e-5 8.00569884942837e-5 2.11839414955888e-3 4.40835956318263e-3 1.38754460262699e-3 2.03976606477726e-2 0.294612821632735 0.176916003309617
6.41207416107226e-3 5.69168553741866e-3 2.72592017029584e-2 1.22563479834441e-2 4.6307993583553e-2 5.52781227199072e-2 0.175635757100872 0.171158817210774
5.48093660877153e-5 1.86960541524243e-4 5.27966353361085e-4 0.11362472995002 9.03905986324222e-2 1.83660689031618e-2 9.71366318719704e-2 0.179712234381452
3.74043179298396e-2 5.09191590302941e-3 1.71380243522675e-3 5.12780477290275e-4 4.51978433439351e-2 2.32946027201075e-2 0.306886699438482 7.98980377520891e-2
1.54861633423911e-3 5.8872962422531e-3 2.84673333107205e-2 1.49799497873071e-2 0.200393248531229 7.60595866139202e-3 2.39163969506819e-2 0.217201200182178
1.33026562492384e-5 6.09895814873689e-5 6.90190008555788e-4 2.00381483243168e-4 7.02624698170401e-3 7.68577739303995e-2 0.125146820624842 0.290004294733519
1.06300657567379e-3 1.3508491788407e-4 9.80681712988755e-4 9.62465123161906e-3 4.44385420452989e-3 2.42879105983318e-2 0.309315610344596 0.150149200414377
8.48477169060067e-5 3.63562161138358e-4 8.08081262082731e-4 1.53409019398782e-2 9.79135084212541e-2 0.104358776026991 4.62329558702897e-2 0.23489736660146
2.99545718915601e-5 7.37373650447e-5 1.50681123227417e-4 2.64493286541546e-3 1.90458296633998e-4 2.04603534240186e-2 3.29402058863693e-2 0.443509676467399
2.8320657387091e-5 1.99678167336513e-3 1.94263728349755e-3 8.72850831397068e-3 8.59718063499297e-4 4.26743363586138e-3 0.28285298359053 0.199323616781888
1.1854797318714e-3 2.79788003389653e-4 3.22348677072551e-3 8.53323546194856e-3 3.71894584199653e-2 4.24985400021022e-2 0.245146523944408 0.16194348766559
4.69223962150391e-4 1.2821974639094e-4 2.11032806816971e-4 1.73488957517338e-3 2.84395036589307e-3 0.300947988199797 8.96315562267005e-2 0.104033139117078
2.35793940074015e-4 1.85830093201896e-3 8.14655528996322e-4 1.74400728082685e-3 2.01793798870663e-3 2.13764610779881e-2 0.386962542740849 8.49903005105398e-2
1.48804558276558e-3 3.26570720262344e-3 1.06709343393601e-3 6.60647468858408e-4 1.36156917304411e-2 2.95351828409824e-2 4.79932261391569e-2 0.402374405601236
6.09297966923924e-6 5.88804645006684e-5 1.40029965565836e-4 2.94273336040275e-3 4.96691211069089e-3 6.72409226936381e-2 8.17519672751636e-2 0.342892461150369
4.77413440068033e-7 1.19250418392276e-5 4.52411146123933e-4 0.108196315891803 1.61154295998812e-2 4.43255108557455e-2 0.165631314402754 0.165266615648412
2.79515098018224e-4 4.41820223692581e-3 1.92297693044791e-3 8.28723164900409e-4 0.225427854672845 3.55172890551074e-2 0.130619082180572 0.100986356661183
1.71179228375014e-4 3.47886783541368e-5 8.19297958425681e-5 6.39459742521352e-3 5.3146535836235e-2 0.156172811190037 4.70251714807527e-2 0.23697298636519
4.60151405654991e-4 2.97003770231879e-5 1.51344417077987e-3 9.26179755516335e-4 5.05425699680403e-3 4.67081786938939e-3 2.38866634217926e-2 0.46345878600304
1.75081134327796e-4 3.96058838038679e-4 6.00547605047722e-4 3.65249693302687e-3 9.17012472906572e-4 1.694142646128e-2 8.91765310292969e-2 0.388140845526075
7.09668029737507e-3 1.0543087027872e-2 2.17808993230061e-2 2.3416828306436e-2 3.88330455087468e-2 7.72150659221959e-2 0.179624482189678 0.14148991142469
7.39481279960689e-3 8.31493311369973e-3 3.13008456250459e-2 1.16417124393858e-3 8.72999316572164e-3 5.11093802039181e-2 1.17625393814684e-2 0.380223324466601
4.6742801438196e-4 9.13862617025286e-4 4.37811969869572e-4 3.5325246567952e-3 1.10178439282843e-3 6.97125731063462e-2 0.177150691604853 0.246683323637901
6.17301936264848e-3 7.75680030600311e-3 9.33524932163057e-3 0.147519693782795 5.90290409154723e-2 4.80429449485903e-2 0.189356911593354 3.27863397695061e-2
1.0086272110392e-5 1.69585863295078e-4 2.49925573972804e-4 2.97277488516973e-4 4.39651725367673e-3 9.45533646659971e-4 0.278810537992048 0.21512053590972
8.80872477883017e-5 2.13596452149842e-4 3.98766902878839e-4 8.52571244821522e-4 3.51317504523759e-3 1.88846915910887e-2 2.56093159202367e-2 0.450439795595799
3.2552965437876e-4 3.87571370039882e-4 8.84378970471774e-4 3.57098357349494e-4 2.38066818482123e-3 3.01714029901227e-4 0.225343557883058 0.27001948154998
1.40085227173376e-4 4.44114921386047e-5 8.60152675747771e-5 2.12992125707829e-4 1.05439274633309e-2 9.46856887422916e-2 0.159174090718133 0.23511278896365
5.36479277894343e-5 4.30617686881537e-3 4.23744770178557e-3 4.35304766133202e-3 1.1550371050507e-3 0.407427717708548 5.04405891409189e-2 2.80263358857605e-2
2.57900911278882e-3 1.59590069461728e-3 1.51121091434073e-3 1.69859116993042e-3 1.82838836404007e-2 1.44118489360813e-2 0.144508820997852 0.315410734533989
4.66921074740632e-3 1.25727185201025e-2 2.4537999508425e-2 1.5588603886518e-3 1.46717493534863e-2 0.245396306001461 0.116845191513782 7.97479639666844e-2
4.01646412034904e-4 2.84086753359666e-5 2.83286884472389e-4 4.91674111033151e-4 4.89523317516773e-3 7.36637360523854e-3 2.22383328448154e-2 0.464295044291902
1.62192704742257e-5 3.23586615416042e-4 1.07739237644854e-3 3.17871510130809e-3 0.166932987894347 9.45406794141831e-2 0.12652598049905 0.107404438828772
7.93497466402135e-4 5.00217078021399e-4 3.62692471230937e-3 7.58839299631331e-3 8.82172386188271e-2 0.179007869933122 5.15145506547723e-2 0.168751308540232
1.30799995871129e-3 7.86364824931972e-3 2.32600296301019e-3 1.10809329207354e-3 0.188772986267583 3.02740829565532e-2 0.122045286440819 0.146301899871929
6.0020109536248e-6 3.87879478410618e-5 1.89638299313941e-3 8.98210522222009e-3 9.22889426961814e-3 4.44632645661293e-2 4.86573466221499e-2 0.386727216367948
4.87610054431169e-3 3.29736508802831e-4 4.95014569610377e-3 5.79251772015578e-3 2.57195062732303e-3 8.58006098578576e-3 0.138381764113868 0.33451772380365
2.78626811501638e-3 1.7212377097683e-3 3.5836479809354e-3 1.15641722402935e-4 3.12791179077887e-2 2.55332912458953e-2 0.343389570735518 9.15912245826755e-2
7.23155822847925e-4 2.4477935219315e-3 5.80748799515348e-4 2.06457768432633e-2 9.26089681732276e-3 1.35817108415147e-2 2.98210508486992e-2 0.422938866504905
1.11501136942784e-3 4.76601024226543e-3 2.55752417269422e-3 2.80406319020313e-2 2.34323615955881e-2 4.12244093285818e-2 8.95709266534538e-2 0.309293124735958
2.38525438751593e-4 7.4354184470439e-4 2.36228838895243e-4 9.9926016647916e-5 4.74325458173189e-3 1.19143413582522e-2 0.242668589053957 0.239355592867059
6.17947249981149e-5 3.33889505315231e-4 4.76101952271038e-3 2.95289047928314e-3 2.3757181084949e-3 6.33683636358967e-2 0.14150154111474 0.284644782908561
6.60413651141248e-4 5.10620319335624e-4 2.15381146731625e-3 4.13676463477579e-4 8.07751249034707e-4 1.89153753817239e-4 2.42948123189284e-2 0.470969760776949
1.63152240021066e-4 3.23809915001417e-5 2.32023976009904e-3 2.89854601548081e-3 1.7702873095301e-2 0.125865789679106 0.162369914401919 0.188647103816572
5.15080620003376e-4 2.51284074724239e-3 8.77112441849935e-3 5.24013806653339e-4 6.72602280073123e-2 1.55340720169458e-2 0.152190893809126 0.252691746574217
9.90138554205323e-6 4.75544635031858e-6 4.09463954950539e-5 7.0097498910159e-5 2.18266420737682e-2 2.63670351523476e-2 0.251826192143283 0.199854429904304
2.63960524534352e-3 4.27411226156371e-4 4.92090730328099e-3 9.76387402869864e-3 1.81388125335774e-3 4.7244163388441e-2 2.60524572414211e-2 0.407137700313301
2.07132866962098e-2 1.23949400298748e-2 4.54091863540769e-3 9.62979918283903e-2 9.49022548492068e-3 2.80322445925134e-2 3.12312478046661e-2 0.297299144928017
7.10621813709885e-5 1.79475477136502e-4 5.87247607802157e-4 2.07626979702177e-4 4.04595179490409e-3 3.72977070314742e-3 2.77229449324605e-2 0.463455920323476
#
1.4712634384426e-3 5.19621542350093e-3 7.12767621980121e-3 5.39725932877349e-3 3.07115367777726e-3 5.87731552462346e-3 0.104805096627181 0.3670540197599
1.62813161257818e-3 1.74675857001675e-3 5.10158229951834e-3 5.01812064015093e-4 6.78106062018352e-2 3.80277671772663e-2 7.25078891380149e-2 0.312675452936755
2.84386645779803e-3 3.02752376409183e-3 2.01632901646565e-3 5.92126345407423e-3 1.49011083395284e-2 0.28918863487507 5.56035117156916e-3 0.176540922921403
1.43658562919149e-4 2.37131679740373e-3 1.25059856592291e-2 2.50467305346018e-2 3.23007484636771e-3 2.79341572282912e-2 5.02704520141648e-3 0.423741031169771
4.82021145880447e-4 3.30608429057199e-4 9.46635966921176e-4 1.37375002181503e-3 3.62175532122733e-2 0.202066063995459 0.249644058411589 8.93930881700444e-3
9.57986767605528e-3 5.82655048196012e-3 1.58155007998149e-2 4.32616894544102e-3 3.23649040612054e-2 0.148846315660683 0.199794183364009 8.34465090108321e-2
2.58161986436819e-3 1.87772738867071e-2 1.72260291405214e-2 5.65120428383749e-3 9.71739524985913e-3 3.05261511977214e-2 0.376679227113425 3.88410992635606e-2
3.89922957234085e-3 6.99978265809783e-3 1.91810252351623e-2 2.9885847519097e-2 8.83043492344379e-2 0.15947746840894 0.142800770395989 4.94515269759351e-2
1.1357224656843e-2 2.5515287368436e-3 3.8715375745073e-3 3.70320152202843e-2 1.45122822642085e-2 0.100913289654027 4.57699129877719e-2 0.283992208905514
2.04695664895713e-2 3.13695996254085e-2 1.19184038648129e-3 7.77182916833316e-2 3.70581232193319e-2 8.91409983083404e-2 3.40358054167708e-2 0.209015774870764
1.85304984540736e-3 1.90811343949787e-5 3.29230534356089e-3 5.07371097789651e-3 0.174268793511328 7.47736314539284e-2 6.85308830073966e-2 0.172188544726087
5.28652178072688e-5 8.74942347152595e-5 4.8315617217934e-4 3.18673215425931e-4 4.94140862997208e-2 2.79349404235783e-2 9.79104512239337e-2 0.323798333212639
6.05300770591535e-5 1.23832724951708e-4 1.4614562289617e-5 7.23753828418074e-5 4.5628815584675e-2 2.91214175177943e-3 3.66508892550291e-2 0.414536800661374
3.59081951986599e-5 4.27976685886041e-4 9.18236643134038e-5 2.26358627168526e-2 2.12224582328342e-2 4.22364513071448e-2 1.14850557800426e-2 0.401864463417728
1.83275683570211e-4 2.85358575099366e-5 1.33121803582281e-4 2.62328577042e-4 2.13421394262229e-3 4.37665632528316e-3 1.48238083536049e-2 0.478058059456785
3.50479649726802e-5 2.24157761814477e-6 4.06869837087911e-5 5.11933814839859e-4 3.29019495542992e-3 3.79025781299109e-2 0.180826685528589 0.277390631044931
1.0474903937458e-5 4.1271520771136e-3 1.95413366017076e-3 1.30693741180986e-2 6.88858493226786e-3 0.177448837722886 2.45257331006471e-2 0.271975709484879
3.20420715866494e-2 1.79259609895967e-2 6.54829465799332e-3 0.129435930396026 2.90998952586834e-2 6.45291622387853e-2 0.150247695113851 7.01709897584147e-2
1.65821738269288e-4 4.82542539465717e-4 5.26889835670426e-4 1.30625459589057e-3 0.345867895596238 5.27019419420269e-4 0.128705722678231 2.24178535968149e-2
2.86295113474854e-3 2.73973191820191e-3 1.90551601690267e-3 1.31157899863725e-2 7.19943745599835e-2 0.114845234368493 0.188122616227806 0.104413785787492
1.29499282389368e-3 1.76288685037982e-3 1.48899563887035e-2 2.35396813382315e-3 9.34967290614741e-3 5.05935752243213e-2 0.189831960743462 0.229922986929269
9.84132905403952e-4 1.92309413827016e-2 1.65373691263561e-2 8.79298645812483e-2 0.134844434446728 6.96668387049472e-3 1.1254997910574e-2 0.222251575776493
8.79214583073036e-4 7.36488894466524e-5 4.99577500864755e-3 4.86294030541751e-2 7.72757775936773e-3 0.12101025134783 0.170223015001883 0.146461114355578
2.28824300205158e-7 3.08309762008935e-6 6.29109996995811e-6 4.28290060179962e-5 2.2567443533664e-2 5.86393804834043e-2 0.276312679402688 0.142428064552335
5.96429552120386e-5 1.05908714160439e-4 1.93317261186803e-3 1.48809689165159e-3 4.61136403451138e-4 4.64870332714511e-2 0.216170451496373 0.233294557655833
2.42899462083171e-4 5.65210960376816e-4 5.24959971453096e-5 2.04960013651293e-4 1.52560560225601e-2 3.30577040111656e-2 0.117255254196719 0.333365419336299
8.21810755551991e-3 2.34059681576492e-4 5.34530891530671e-4 8.63285946266458e-4 8.00816144709717e-2 1.1881193370682e-2 0.100388232341124 0.297798975742328
8.5251806629545e-8 4.06231803000985e-8 3.90256146502855e-8 2.00427723442859e-7 1.28222021261077e-6 6.81235771016374e-2 0.208968182012679 0.222906593337146
2.28501879650758e-4 2.12710694795889e-4 5.1654829804331e-6 0.21669703345177 3.29694335489232e-2 2.50572412713597e-2 0.106822143341734 0.118007770328786
8.89592052004235e-5 1.00026715375485e-3 8.1633287357797e-4 1.00730871577352e-2 7.08887674738233e-2 1.75600292250372e-2 0.118243002274221 0.281329554636651
1.55863047209385e-3 8.11337491576624e-4 5.85801503479003e-4 2.52221049397195e-3 4.25020592169468e-2 0.265638089139003 3.95945355184076e-2 0.146787336164521
5.74204807498047e-3 3.0505470640512e-4 2.34339155700767e-4 2.60861076648023e-3 6.36695934179902e-3 3.31377011225999e-2 0.104325637209632 0.347279649622403
7.16051245822002e-3 7.64912813748044e-3 1.42254003434993e-3 7.06280072548701e-4 5.37577035822866e-2 0.10675415740044 0.125212293188593 0.197337385126081
6.02175564785745e-4 2.17763199962923e-4 1.85772464125909e-3 1.87179172792148e-3 1.1140831141677e-2 9.56482313582744e-4 1.27571298238265e-2 0.470596101586985
7.82843471449222e-4 1.97022071490267e-3 1.21149914570447e-2 3.34860592639361e-3 2.05994362351286e-2 2.50584848159576e-2 1.69737084674143e-2 0.419151708911709
1.00551616275132e-5 2.57231666099111e-6 2.1176697762702e-5 1.00582920390962e-5 2.89967597417946e-4 8.85524915660185e-5 8.45877983344893e-3 0.491118837609477
6.01725804329894e-4 4.27805472709218e-4 1.1483976882942e-3 3.48238311582907e-3 2.98891984739643e-4 3.63905906394239e-3 4.60909753735862e-2 0.444310761496569
2.42088438197717e-5 6.70748823265308e-5 2.63115756426018e-5 2.16989499290981e-3 2.16632292806337e-3 2.30043936366584e-3 2.15935518706833e-2 0.471652195542889
9.98730570996161e-6 7.32339274249371e-6 3.60818685125351e-6 1.80312401121739e-5 1.90970499046013e-2 6.10057435096368e-2 0.360331919820447 5.9526336639899e-2
2.99487727487376e-4 7.85514697051836e-3 2.37548964204735e-3 4.74893852562945e-3 2.31607934969625e-2 5.04832856297646e-2 0.406006885989312 5.06997201827819e-3
8.01593974076769e-9 1.08745241224912e-7 3.22990630062772e-7 5.66920528843988e-5 4.12803221086248e-5 3.37161930172755e-4 8.04829335021642e-4 0.498759596608002
2.52692972628666e-3 2.21619050802406e-3 1.44081371268903e-3 2.00886467798501e-2 7.59083858147006e-2 6.90615901295725e-2 0.183699166431088 0.145058276897789
7.89501487059255e-3 5.49496987405149e-3 2.49899410282877e-3 9.3623137554335e-4 3.88394899041296e-3 0.222203386851773 0.166739034392212 9.03484195425866e-2
1.17414229484732e-2 7.4684847966651e-4 2.12087956376529e-2 4.05045400220296e-3 4.9218357220836e-3 5.84154562306051e-2 0.164336980433373 0.234578206545943
4.65700577584755e-3 1.04822074252046e-2 7.11789738165215e-3 8.85270360167603e-2 1.68685991419857e-3 8.16893717056484e-2 0.116785528601836 0.189054093178853
1.74769139601817e-4 2.31753034986022e-4 5.98383489554966e-3 5.58095686964272e-3 4.42017095392024e-2 0.112920867335954 0.237590741554699 9.33153676303641e-2
2.52026797885867e-4 9.05963459022866e-4 5.95550210419859e-4 1.39294589892988e-3 2.01626197740284e-5 5.23383060603216e-3 5.2376033971766e-2 0.439223486436169
6.01258558050949e-3 4.20752116273644e-3 1.32101384246078e-3 5.66542419592248e-2 1.18779244351299e-2 0.144761461396523 4.25298235502352e-2 0.232635428073181
6.91072347281016e-4 3.0449471794429e-3 2.757908631632e-6 1.87017694435824e-3 6.79137990477047e-3 0.262446284403355 0.158574378859808 6.65790024523525e-2
3.94870163270158e-3 1.16350467236995e-3 4.11915084717755e-2 7.67260749061251e-4 2.09544335607294e-2 9.7651418561603e-2 0.212274798727986 0.122048373623774
3.73926007602224e-3 9.52113733116966e-4 7.66300760415415e-3 1.06276483212688e-2 8.22557591369584e-3 2.88329763950392e-2 5.01901652229784e-3 0.434940401434405
2.72589963351701e-5 4.16822658483426e-6 4.89390440685122e-6 1.00960886883628e-4 3.10322998432324e-3 1.81700837284676e-2 1.37659533962154e-2 0.464823450876783
2.18052599091998e-3 9.94371798639098e-4 5.35560470816659e-3 3.85619621259739e-3 7.47640926424497e-3 4.27764672697011e-2 8.96884524717901e-2 0.347671972283941
6.24366227411442e-3 5.6486637822528e-3 7.88518724533213e-4 4.57842600036435e-3 1.90151687609673e-2 1.72506748923136e-2 9.88632908924286e-3 0.436588556476211
1.64508320581823e-4 3.31871051780362e-5 1.39466022754506e-3 3.35228058120151e-6 5.70612591564439e-3 8.66806200888423e-2 2.10972747688699e-2 0.384920271292757
1.15901360151974e-3 2.89655934726714e-5 2.17963097854612e-3 1.65559633871945e-4 7.98044872184705e-4 1.04438912168224e-2 8.4417349254674e-3 0.476783159178115
3.13208857581032e-4 1.57743377577404e-3 1.73970213978318e-3 6.85546700320694e-3 3.28754081956914e-2 7.89519846927264e-2 0.26869864456307 0.108988150772167
4.6606215783651e-5 6.75043414407519e-3 2.94343294564542e-3 1.40533783823555e-3 1.8070287604245e-3 1.23209873057781e-2 0.103393704850664 0.371332467939394
8.44524565346944e-5 1.25568999445933e-5 1.43588642219153e-4 1.317156613059e-5 1.51657373505146e-4 1.73996807379804e-3 1.84077783344848e-3 0.496013827154419
7.01221836337304e-4 2.71200096115184e-4 2.35991686194829e-4 8.93300468506939e-4 3.38794225230992e-2 2.73734617108513e-2 0.144938785716944 0.291706615961951
#
8.79930540297197e-5 1.69974757488306e-3 5.09722229668792e-4 1.28110285481353e-3 3.08334472635893e-4 1.75901465152066e-2 4.07704389486497e-2 0.437752514350113
1.06173269135255e-3 6.40088165854474e-3 8.03575144978591e-3 6.05815825934338e-3 3.20676828662165e-2 1.46356191269148e-2 0.110258689809677 0.321481484138165
1.23376094208051e-5 1.02347732526129e-4 1.27997529780226e-3 1.52497534305561e-3 7.62578585678303e-3 7.32469191002399e-3 3.09737331623456e-2 0.451156153088043
2.58320043548253e-5 5.74333549715233e-6 9.74718217201591e-5 8.71499950243607e-2 0.129073059951076 3.13010013147906e-2 4.2470445740471e-2 0.20987645080773
1.12031606794574e-3 2.49013584251156e-3 1.14849662571645e-3 5.04631408306487e-2 6.74262329293475e-3 1.30792592777269e-2 0.251576692429326 0.17337933563319
1.96236399024744e-4 1.10877923341073e-3 1.93205382289426e-2 3.31653087266729e-3 0.176596509348948 7.55870051522447e-2 1.24858811668751e-2 0.211388519597886
3.51210440444888e-5 6.02361277826923e-4 6.26047164675414e-4 2.86889659020031e-4 6.69840145596686e-3 6.37999686894748e-2 1.11853665311801e-2 0.416765844177811
6.7902868594422e-4 3.26094166907677e-4 5.13078705533138e-3 6.79797882722277e-4 2.84342674584535e-2 2.26690662003958e-3 2.08244201354031e-2 0.441658697995198
2.62932441369348e-4 3.11981213811006e-5 9.27443290352783e-5 7.14675633839866e-3 1.45646991147226e-2 0.10706069487102 0.244576655901463 0.126264318882611
5.20394277293865e-3 1.19263721263318e-2 3.94908352096164e-3 7.86502952766626e-4 1.08743097699428e-2 8.00631854155038e-3 0.102831261667137 0.356422208648372
1.98782427563425e-3 1.82608829958262e-3 1.72031808627865e-3 1.74041169057147e-3 3.19757986447171e-2 0.139980854257059 3.68485578562095e-2 0.283920146889947
2.20693861236373e-2 2.31226816808531e-2 2.89618469240006e-2 3.02009554867211e-2 5.64044167795229e-2 0.118637297342316 0.142603554647011 7.79998610159381e-2
2.37529806201491e-3 2.68412376922862e-3 3.02770957422311e-3 6.66946467789721e-4 1.18875587609549e-2 4.79774163165865e-2 0.190199557973879 0.241181389075323
1.04950477222004e-3 1.7182007405785e-3 8.73322487391117e-2 3.92121687909057e-2 7.81377806255304e-2 2.76443962910118e-2 3.83218461054784e-2 0.226583853935163
7.4111947558643e-4 3.71521528321394e-4 6.68217051678376e-4 6.830371472567e-3 4.61701486225731e-3 4.84968683008356e-2 1.44042768053343e-2 0.42387061050342
4.84434456855544e-3 3.18299638006894e-5 8.57303861196999e-4 7.28159849764956e-2 2.41876178417276e-2 7.48383192590961e-2 0.310902265221918 1.15223343072097e-2
9.47188377862881e-4 5.78237711387812e-4 2.0214716938759e-3 1.42378384610853e-3 1.25865776092694e-3 4.38755380378476e-2 0.429160467590005 2.07346549819851e-2
1.64700493991615e-3 4.74515550522341e-3 5.05029520101579e-3 7.69630180212213e-3 8.05550696326089e-3 2.54797103377014e-2 3.22242617307887e-2 0.415101763519972
1.61233433280946e-6 5.00995817046351e-7 1.46695407746972e-5 1.22671803255243e-4 0.123463254107425 2.6674532905101e-3 0.260039927952985 0.1136899099749
1.07654353941448e-4 9.11707387753747e-5 5.35833948050724e-4 4.65344572298688e-4 2.31135060596445e-3 1.38876425201868e-2 6.95157221508398e-2 0.413085281109943
4.74252878283929e-3 5.18161691119872e-3 9.33096960160062e-3 7.27403366375217e-3 5.32271901887633e-2 6.18995505660897e-2 0.170838410737116 0.18750569954864
1.16962366645932e-3 8.00618487952803e-4 4.4222975147796e-3 2.62159904059844e-2 2.05196698864335e-3 2.61765124423498e-2 7.73538255740291e-2 0.361809164919802
1.38451643630651e-3 7.22373106410349e-3 2.24318619875494e-3 2.43931876762237e-2 0.154503509391167 9.34962080894228e-2 2.62531611266137e-2 0.190502500017408
6.15991965297594e-5 1.26918448817592e-4 6.65007238291622e-5 5.29476116982034e-5 2.22557753308746e-4 1.75148845833241e-2 7.68028545712668e-2 0.405151737111226
2.94281844746039e-4 1.40059712290035e-4 9.82728817800822e-4 1.30012832158581e-3 3.58310148225001e-4 1.52531638384478e-3 0.233575600801354 0.261823573970154
6.36545721036162e-3 1.25276484984554e-2 7.68202372397897e-3 1.18846537464313e-2 1.49377911013853e-2 1.07874716492061e-3 0.178015302040157 0.26750837651431
7.87485141292223e-4 1.67887137284698e-3 2.10752525546976e-3 4.24756113124381e-3 8.76605068642037e-3 0.17216724105942 3.80336143744345e-2 0.272211650978872
8.58937688015522e-5 9.04358548877268e-5 1.56076812188236e-3 2.84008449962113e-3 9.83062255808886e-3 6.33605687180374e-2 8.79607378491854e-2 0.334270888629496
2.12404998652806e-5 5.17734061930198e-7 1.17549685492237e-3 8.36229522383684e-4 2.08924164772468e-3 7.41826380519491e-3 7.63499965627642e-2 0.412109013373083
3.17407648825287e-3 3.31672777241526e-4 7.49600077762129e-3 2.55740402552079e-2 2.20434697699908e-2 2.34039322685479e-2 3.15060800934949e-2 0.386470727569643
1.9350060707501e-3 5.76455172256783e-4 4.16627877776467e-3 2.88519333151778e-3 7.65057533927926e-4 2.610847992711e-2 6.12746972289223e-2 0.40228883195775
8.01748213608992e-2 5.13050340703712e-2 7.15314425338266e-2 5.07933745432445e-2 6.49112767498004e-3 7.12372444452014e-2 0.156229532266201 1.22374231052759e-2
1.11360393609468e-4 3.11338934836408e-4 1.79566821448031e-3 4.78932815731347e-2 1.29243748523841e-2 7.35705420789209e-2 3.57109845504945e-2 0.32768244940214
5.74204807498047e-3 3.0505470640512e-4 2.34339155700767e-4 2.60861076648023e-3 6.36695934179902e-3 3.31377011225999e-2 0.104325637209632 0.347279649622403
6.69426269250777e-4 9.17273718881233e-4 3.14066294833011e-4 1.22674273092778e-4 3.94152436345828e-3 1.82162880697309e-3 4.03588815153e-3 0.488177518121981
4.30417175644102e-3 3.4052627894829e-3 1.31092244530975e-2 2.00417820884395e-2 5.43148029100468e-2 5.5858829683747e-2 2.03721813473367e-3 0.346928708184012
1.64771389772283e-4 1.71474367284026e-4 8.35120093778951e-4 7.30087902988385e-5 3.13446388889986e-3 5.48702024170763e-2 0.439297953110628 1.45300594226133e-3
3.58999322617628e-3 6.79930584599397e-4 2.31039225840676e-3 7.68350559461123e-2 3.57140607558883e-2 0.160087377521773 4.43981299050029e-2 0.176385059802041
3.28732187750375e-3 1.10635847190636e-2 8.42195733279989e-2 5.51099398626409e-3 4.06858803575024e-2 9.37784686126546e-2 0.141279634062294 0.120174543056718
2.00184401923015e-5 9.41104345295838e-4 2.99858160904852e-4 4.05331043334355e-3 5.26148443733062e-3 3.55606621777562e-2 0.113326515065792 0.340537046939385
6.08045536692125e-4 5.33161380620927e-4 2.15716040076137e-3 5.96020612694789e-4 4.35053439706123e-3 3.38313519560258e-2 0.163671753933841 0.294251971782302
9.91482842806144e-4 1.96284087728394e-3 1.68097259039709e-3 3.1661172930855e-3 1.72632297238803e-3 2.6770391341235e-3 1.3406124320206e-2 0.47438909996971
1.45275006238433e-5 1.70467454167701e-5 1.39075075317995e-5 5.23712213547621e-4 2.87601777547541e-4 2.67640388091959e-2 2.04156027173164e-2 0.45196356272882
6.03904944448265e-4 1.06504160386192e-4 3.27523473763353e-5 3.60540344822988e-4 5.39305090678721e-3 3.35513056628615e-3 4.79343237044413e-2 0.442213793025452
4.3688004691922e-4 6.8908675745348e-3 8.17366572751534e-3 8.99732629168431e-3 2.1574925354444e-2 1.01599616936684e-2 0.403354361270427 4.0412012040807e-2
2.45062648877423e-5 2.33366001683677e-3 8.2672227903883e-4 6.88855876790578e-4 7.60830150789258e-3 0.201681445541507 5.23016312842472e-2 0.2345348772288
1.29594444537601e-5 1.03086666685509e-5 2.89569733078216e-5 5.03233723736898e-3 1.17765547985048e-2 7.2452499609375e-2 7.79256924039287e-2 0.332760690866392
2.78108599890897e-3 1.59051993484675e-3 1.06121634058909e-2 1.42494529599803e-2 4.54563304734209e-3 0.147851456746152 7.77793147406983e-2 0.24059037316618
5.36000789667754e-4 2.15262966054946e-4 9.28567970001142e-4 1.59137287088869e-3 4.220789167356e-4 1.29101424288395e-2 3.48524965065666e-2 0.448544077551246
9.26236351172017e-4 4.78326559187142e-3 9.56048144868946e-3 9.21862513699438e-4 4.53782173150686e-2 9.9922540936733e-2 0.192991322210937 0.145516073631829
5.65495407833276e-5 1.19689595399976e-5 1.65844051822174e-5 9.9952097557902e-4 2.50839241206908e-3 5.76886496398936e-2 0.294945102344644 0.143773231722309
1.2392306611047e-3 8.3226877797822e-4 2.50756270508766e-4 2.65450923496359e-4 3.82738346492443e-3 6.66828743951911e-3 3.84152993695061e-2 0.448501323092962
2.88367190688035e-6 6.61810790068436e-5 7.09912847795462e-5 4.62647197728121e-3 6.02301095614991e-3 2.69725039103106e-2 0.252940307693575 0.20929764942699
1.58592053839027e-2 5.32938255487628e-2 1.69315180700405e-2 6.79662871279969e-3 3.60572466565675e-2 1.39783760302545e-2 1.53818443742674e-2 0.341701355223405
5.19170466071705e-3 1.19418143525639e-2 1.13814355608811e-2 1.78420489235526e-2 0.115647101021167 0.303830059522943 2.89610892232631e-2 5.20474673491195e-3
1.68528045045574e-6 9.34105255708464e-7 3.24016436988451e-5 9.05887275665593e-6 8.77829165502943e-6 2.42749528863318e-2 0.413645967353006 6.20262215668458e-2
6.34119036719965e-5 3.19722335874678e-4 3.04226123132815e-4 1.50444331533242e-3 0.109357658043148 0.141196862236782 9.62792563053009e-2 0.150974419736757
4.45528833457616e-2 7.03872121894361e-3 7.10274142184899e-2 8.84702262237803e-2 3.86235675026328e-2 5.96062477555778e-2 0.139272462816154 5.14084769186604e-2
1.04378019410471e-5 1.44277326442733e-4 1.32851779620095e-4 1.16477740521312e-4 5.24155927315108e-2 2.85596554479709e-2 5.47515314548194e-2 0.363869175717174
4.45691731852635e-2 9.48171725848048e-3 2.5938695305576e-2 3.0154658031494e-3 5.31694930563329e-3 5.11217484629082e-2 0.165968705584635 0.194587545094354
#
